,t,T_avg,RCHAR,RTAR,RCELL,RACELL,RHCELL,RAHCELL,RLIG,RALIG,RSG,CELL_0,LIG_0,HCELL_0,CHAR,TAR,CELL,ACELL,HCELL,AHCELL,LIG,ALIG,SG
0,0.0,623.2565327344444,2.5238523860211536e-10,2.5114723834057924e-10,-3.16577083763478e-07,3.1657528061158894e-07,-6.559807355761192e-06,6.559140981957075e-06,-1.6460872357562212e-06,1.6460840385250598e-06,1.6784171022573452e-10,2.3335780545639065e-06,1.786436962537225e-06,1.3874073126196748e-06,0.0,0.0,2.3335780545639065e-06,0.0,1.3874073126196748e-06,0.0,1.786436962537225e-06,0.0,0.0
1,0.02000000000000001,627.9115338405628,2.083163227068596e-08,2.511146799144078e-08,-5.251629164710592e-07,5.249458971429368e-07,-8.232112309235486e-06,8.172749764705185e-06,-1.9313318861838873e-06,1.931103698541997e-06,1.3864651238173844e-08,2.3335780545639065e-06,1.786436962537225e-06,1.3874073126196748e-06,2.1084017509288088e-10,2.5362615229781375e-10,2.3251606545615612e-06,8.415211777545262e-09,1.239488115969708e-06,1.4731890746662267e-07,1.7506627713178239e-06,3.5771877370670586e-08,1.4032492948399587e-10
2,0.04000000000000002,632.2028556980243,6.366977341469898e-08,9.154732008900399e-08,-8.645938213141048e-07,8.635398852428602e-07,-9.324208998920185e-06,9.128276854628669e-06,-2.2355500990035204e-06,2.2349095074141553e-06,4.2409578448417745e-08,2.3335780545639065e-06,1.786436962537225e-06,1.3874073126196748e-06,1.0558542319467307e-09,1.420214033102262e-09,2.3112630871837094e-06,2.230006960140324e-08,1.0639249028881511e-06,3.2032917365996135e-07,1.7089939514659497e-06,7.743200943023213e-08,7.030672263499121e-10
3,0.060000000000000026,636.1529401120857,1.281818974616072e-07,2.083033132719853e-07,-1.2970991951775072e-06,1.2938231317741463e-06,-9.129843693817026e-06,8.712488660227056e-06,-2.5210142807684463e-06,2.5197163424814315e-06,8.54438245467686e-08,2.3335780545639065e-06,1.786436962537225e-06,1.3874073126196748e-06,2.974370940709793e-09,4.418720366712155e-09,2.2896461570187932e-06,4.387369977157331e-08,8.79384375960779e-07,4.987368288085186e-07,1.66142830766823e-06,1.24978267929188e-07,1.9816012563017757e-09
4,0.08000000000000004,639.8245261715895,2.049634861093646e-07,3.6354219635313133e-07,-1.7939109855403215e-06,1.7860372480594189e-06,-7.971689548984701e-06,7.27656172683294e-06,-2.7754667566615082e-06,2.7732247666173983e-06,1.3673786721428037e-07,2.3335780545639065e-06,1.786436962537225e-06,1.3874073126196748e-06,6.305824776419513e-09,1.0137175462963327e-08,2.258736055211615e-06,7.467230356990899e-08,7.083690435327616e-07,6.586273326791187e-07,1.6084634972939304e-06,1.7790767902017636e-07,4.203418173912268e-09
5,0.10000000000000009,643.260130901482,2.8308101110569746e-07,5.375362273464885e-07,-2.3301445917165463e-06,2.3140708141080317e-06,-6.529716998589671e-06,5.539628897458758e-06,-2.9939724727727966e-06,2.9904664165730776e-06,1.890506964869528e-07,2.3335780545639065e-06,1.786436962537225e-06,1.3874073126196748e-06,1.1186269748570146e-08,1.9147959699959547e-08,2.2174954994390462e-06,1.1567338419158359e-07,5.633549780570175e-07,7.86789238922036e-07,1.5507691049995872e-06,2.3554459085208124e-07,7.461303810924606e-09
6,0.12000000000000005,646.4845554361665,3.554987203808587e-07,7.142116559739413e-07,-2.86568997724613e-06,2.8366078135302786e-06,-5.226199144785982e-06,3.952940955012933e-06,-3.171249632236363e-06,3.1661431246145573e-06,2.377364847559075e-07,2.3335780545639065e-06,1.786436962537225e-06,1.3874073126196748e-06,1.75720670634357e-08,3.166543853316382e-08,2.1655371537494194e-06,1.671801704679666e-07,4.4579581662326124e-07,8.817149374467527e-07,1.4891168839494958e-06,2.971106862639575e-07,1.1729175623353201e-08
7,0.14,649.5195717841647,4.1925516972179125e-07,8.850823604951871e-07,-3.36195121821496e-06,3.314023317786868e-06,-4.184245979729437e-06,2.6540268757592372e-06,-3.305413928975944e-06,3.2983673355632323e-06,2.8085606759401554e-07,2.3335780545639065e-06,1.786436962537225e-06,1.3874073126196748e-06,2.5319605964462185e-08,4.7658378697855077e-08,2.1032607417948088e-06,2.2868648178113792e-07,3.516913653781073e-07,9.477846157544743e-07,1.4243502483373728e-06,3.6175579086573523e-07,1.6915101146852423e-08
8,0.1600000000000001,652.3851412741939,4.7422234290831355e-07,1.0478210077896293e-06,-3.7891924503002465e-06,3.7159461360652316e-06,-3.348761616195224e-06,1.590940651091191e-06,-3.397448736581536e-06,3.3881312714377223e-06,3.183413937849238e-07,2.3335780545639065e-06,1.786436962537225e-06,1.3874073126196748e-06,3.425438109076326e-08,6.698741238070331e-08,2.0317493051096564e-06,2.989861763196592e-07,2.763612894188604e-07,9.902342910229788e-07,1.3573216216817977e-06,4.2862077693574503e-07,2.290707576064184e-08
9,0.1800000000000002,655.0962951889511,5.20017216484256e-07,1.1990947775551773e-06,-4.12455490161695e-06,4.019305635771705e-06,-2.6787253229913064e-06,7.268272843912853e-07,-3.448911710505424e-06,3.437009642319916e-06,3.4993737859134397e-07,2.3335780545639065e-06,1.786436962537225e-06,1.3874073126196748e-06,4.419677668468901e-08,8.945657023415149e-08,1.952611831590484e-06,3.7633869403802894e-07,2.1608642002699474e-07,1.0134119703778037e-06,1.2888580172109278e-06,4.968721860733218e-07,2.9589863484404552e-08
10,0.20000000000000018,657.6705337536526,5.575374120764936e-07,1.3387379703877732e-06,-4.366549648095818e-06,4.222982058518959e-06,-2.124285616735886e-06,1.013441279608282e-08,-3.464504083394073e-06,3.4497286367227557e-06,3.7621885772372475e-07,2.3335780545639065e-06,1.786436962537225e-06,1.3874073126196748e-06,5.49723229702965e-08,1.1483489771358098e-07,1.8677007860933566e-06,4.587615709809355e-07,1.6805631062972288e-07,1.0207815873496775e-06,1.219723859271933e-06,5.657395688637485e-07,3.685142584755523e-08
11,0.22000000000000033,660.1183335601837,5.865753273639982e-07,1.4640628891123473e-06,-4.5131279958914395e-06,4.3254179427033145e-06,-1.6872770139680903e-06,-5.547627010183642e-07,-3.4473069772385264e-06,3.4293955083168657e-06,3.970230206199052e-07,2.3335780545639065e-06,1.786436962537225e-06,1.3874073126196748e-06,6.64134503647015e-08,1.4286290630858242e-07,1.7789040096534832e-06,5.442455709931589e-07,1.299406843226827e-07,1.0153353044674546e-06,1.1506057486656063e-06,6.345308103141452e-07,4.4583844630991596e-08
12,0.2400000000000001,662.4528504423818,6.080660640733881e-07,1.57523381166553e-06,-4.576042224135162e-06,4.3391626799481455e-06,-1.334196990007551e-06,-1.0038767955591273e-06,-3.401940893081539e-06,3.3806577160611486e-06,4.1293663103517913e-07,2.3335780545639065e-06,1.786436962537225e-06,1.3874073126196748e-06,7.835986427907523e-08,1.7325587331636084e-07,1.6880123074532182e-06,6.308913772196725e-07,9.972594428292654e-08,9.997489095016798e-07,1.0821132699624064e-06,7.026313425579245e-07,5.268344114754235e-08
13,0.26000000000000045,664.6807527917069,6.217062967910284e-07,1.669630786205892e-06,-4.559195185107182e-06,4.268803759849983e-06,-1.0556833644754528e-06,-1.3441298641694888e-06,-3.3310710169598764e-06,3.3062078866965845e-06,4.2373070116849804e-07,2.3335780545639065e-06,1.786436962537225e-06,1.3874073126196748e-06,9.065758788771961e-08,2.0570451929507563e-07,1.5966599333607932e-06,7.169710416176553e-07,7.5827140738096e-08,9.762688429043933e-07,1.0147831508619912e-06,7.69499998585503e-07,6.105011446957926e-08
14,0.28,666.8122416837925,6.285856269826523e-07,1.7484755987771774e-06,-4.483182327319015e-06,4.1359053898514515e-06,-8.351478051260847e-07,-1.5961060349416098e-06,-3.2394058468106953e-06,3.210782290001454e-06,4.300931085846832e-07,2.3335780545639065e-06,1.786436962537225e-06,1.3874073126196748e-06,1.0316050712545615e-07,2.398855831449056e-07,1.5062361582365333e-06,8.010181331146679e-07,5.691882904208107e-08,9.46866483913283e-07,9.490783822242869e-07,8.346699003524821e-07,6.958835256711089e-08
15,0.3000000000000003,668.8614120102594,6.306066531272437e-07,1.8157798403825774e-06,-4.36926001450017e-06,3.962413723788902e-06,-6.480009873665695e-07,-1.7922567294793743e-06,-3.1325325111140623e-06,3.099988172802721e-06,4.332618523587341e-07,2.3335780545639065e-06,1.786436962537225e-06,1.3874073126196748e-06,1.157524299265553e-07,2.755281375365037e-07,1.4177117348183401e-06,8.820013242510727e-07,4.208734111715431e-08,9.129828562690726e-07,8.853589986450384e-07,8.977776049805248e-07,7.82219021765452e-08
16,0.3200000000000002,670.8303297069061,6.275507926113359e-07,1.8699428515354313e-06,-4.225471616228004e-06,3.7571460584309805e-06,-5.020472429178842e-07,-1.923589490446806e-06,-3.0124540714459822e-06,2.975855626742546e-06,4.330670917183827e-07,2.3335780545639065e-06,1.786436962537225e-06,1.3874073126196748e-06,1.28334004383941e-07,3.123853644556835e-07,1.331764418511059e-06,9.59196922073271e-07,3.058685881430989e-08,8.75824394069811e-07,8.239091328194385e-07,9.58536042975977e-07,8.68851916173163e-08
17,0.3400000000000008,672.7278818150866,6.206951808786199e-07,1.9138459017777107e-06,-4.067915684128334e-06,3.536817994168737e-06,-3.8445663650592554e-07,-2.008557893647097e-06,-2.8832949456450577e-06,2.842528935101987e-06,4.3033714799936134e-07,2.3335780545639065e-06,1.786436962537225e-06,1.3874073126196748e-06,1.4081646411884097e-07,3.502232519888161e-07,1.248830545507493e-06,1.0321365625992704e-06,2.1721820020071607e-08,8.365029202288707e-07,7.649516426485261e-07,1.0167198885944243e-06,9.551923401449402e-08
18,0.3600000000000004,674.5623512856588,6.110300309842434e-07,1.949905600829833e-06,-3.900876877057752e-06,3.305918103769921e-06,-2.880267892993201e-07,-2.0586408853863042e-06,-2.7481128696037337e-06,2.703078886792243e-06,4.2572479897086203e-07,2.3335780545639065e-06,1.786436962537225e-06,1.3874073126196748e-06,1.5313371623746934e-07,3.888607670148907e-07,1.1691426198956339e-06,1.1005639235786554e-06,1.4996985762019252e-08,7.958309324385376e-07,7.086375644960394e-07,1.0721759668133654e-06,1.0407985348419607e-07
19,0.38000000000000117,676.335144227468,5.987712404654078e-07,1.9782872287235152e-06,-3.7341222865894495e-06,3.0749737662244266e-06,-2.1340384350331667e-07,-2.0744802741744947e-06,-2.609018391025468e-06,2.559640823208124e-06,4.193517366712597e-07,2.3335780545639065e-06,1.786436962537225e-06,1.3874073126196748e-06,1.6523172895196633e-07,4.2814269531042577e-07,1.092792628259159e-06,1.1643728422786014e-06,9.982679433992648e-09,7.54499720842928e-07,6.550662518897452e-07,1.1248031639133712e-06,1.1253061884061763e-07
20,0.40000000000000036,678.0524418158299,5.84775085213316e-07,2.0012953860477957e-06,-3.570323433021465e-06,2.8468106665481726e-06,-1.5538724961893949e-07,-2.065170250569054e-06,-2.46839552527016e-06,2.4146106437675316e-06,4.1178467690281273e-07,2.3335780545639065e-06,1.786436962537225e-06,1.3874073126196748e-06,1.7706719220875308e-07,4.679385214581373e-07,1.0197481710630528e-06,1.223590686606325e-06,6.294768502770299e-09,7.131032155954941e-07,6.04292112726791e-07,1.1745456785831257e-06,1.2084198297635802e-07
21,0.42000000000000137,679.7179965302282,5.694887048140622e-07,2.020008208423122e-06,-3.4092093344788193e-06,2.621358959287443e-06,-1.0942478753728418e-07,-2.0372951798059564e-06,-2.327698173933527e-06,2.269454058987749e-06,4.0331754424320415e-07,2.3335780545639065e-06,1.786436962537225e-06,1.3874073126196748e-06,1.8860983010902745e-07,5.081515574028485e-07,9.499528433880465e-07,1.278272382864684e-06,3.646648131208024e-09,6.720785612917419e-07,5.563311757347517e-07,1.2213863256106808e-06,1.289930051878186e-07
22,0.44000000000000067,681.3333648019897,5.532829431910839e-07,2.035369319052015e-06,-3.2560207883613822e-06,2.4044113099746216e-06,-7.57555274687255e-08,-1.9927345012268406e-06,-2.188720212033524e-06,2.1259848209240046e-06,3.941826359487618e-07,2.3335780545639065e-06,1.786436962537225e-06,1.3874073126196748e-06,1.998375465890785e-07,5.487053326775985e-07,8.833005421596468e-07,1.3285300855573028e-06,1.7948449811479756e-09,6.317782644814154e-07,5.111669918750827e-07,1.2653407144097967e-06,1.36968006989738e-07
23,0.460000000000001,682.9022371835606,5.3653313340858e-07,2.048323779827376e-06,-3.106270337524776e-06,2.1914913858934873e-06,-5.051869562764953e-08,-1.936938807210951e-06,-2.0522876655961014e-06,1.985035089272597e-06,3.8463211755743834e-07,2.3335780545639065e-06,1.786436962537225e-06,1.3874073126196748e-06,2.1073570735507532e-07,5.895422636663931e-07,8.196776309007841e-07,1.3744891125159848e-06,5.321027501842792e-10,5.924815313970368e-07,4.687569130987858e-07,1.3064509135117636e-06,1.4475615452480013e-07
24,0.4800000000000002,684.4263013392723,5.194453028557755e-07,2.059295741436403e-06,-2.9606124935685492e-06,1.983574420643262e-06,-3.2281657124544506e-08,-1.8724333582918047e-06,-1.919276024836621e-06,1.847492265481608e-06,3.747958034044716e-07,2.3335780545639065e-06,1.786436962537225e-06,1.3874073126196748e-06,2.2129549171771844e-07,6.306184588790293e-07,7.590088025898532e-07,1.4162397705813506e-06,-2.9590077733756694e-10,5.543878097420108e-07,4.290412761944602e-07,1.344776187059304e-06,1.523504337344189e-07
25,0.5,685.9069181743994,5.02297219536246e-07,2.0690019458673666e-06,-2.8215845817142102e-06,1.7835773639444535e-06,-2.0153652170232795e-08,-1.801673407898585e-06,-1.7908137412430172e-06,1.714499233838502e-06,3.6484961983948714e-07,2.3335780545639065e-06,1.786436962537225e-06,1.3874073126196748e-06,2.3151291694163856e-07,6.719014357520666e-07,7.011868318370262e-07,1.4539112884272274e-06,-8.202538702854257e-10,5.176467420801073e-07,3.9194037853366416e-07,1.3803961020525048e-06,1.597468879668584e-07
26,0.5200000000000009,687.3465025145617,4.851443303528188e-07,2.0773476919531775e-06,-2.6843482709130463e-06,1.5866606998705473e-06,-1.1595609710019678e-08,-1.7271975981393142e-06,-1.6667446570603962e-06,1.5859008686913374e-06,3.5483254495489256e-07,2.3335780545639065e-06,1.786436962537225e-06,1.3874073126196748e-06,2.4138733244052964e-07,7.133649321302739e-07,6.461275033107512e-07,1.487613669065379e-06,-1.1377464890880454e-09,4.823580320197267e-07,3.5736479455062853e-07,1.4134001030778048e-06,1.6694370961480253e-07
27,0.5400000000000001,688.7459997672266,4.681456840973348e-07,2.084666615797376e-06,-2.549690295298463e-06,1.3939978363968977e-06,-6.293681858630805e-09,-1.6503077432468217e-06,-1.5478476136094962e-06,1.4624882674403715e-06,3.448409302814296e-07,2.3335780545639065e-06,1.786436962537225e-06,1.3874073126196748e-06,2.509202325850308e-07,7.549850752077778e-07,5.93787117648638e-07,1.5174202544280522e-06,-1.3166394047745977e-09,4.4858297860586664e-07,3.252188718439307e-07,1.4438839944391207e-06,1.739404443671655e-07
28,0.56,690.1066457443782,4.5143538933539834e-07,2.0911923834925086e-06,-2.4187456680673326e-06,1.2069870941115837e-06,-3.297329351837701e-09,-1.5726776924253564e-06,-1.4345971141930878e-06,1.3447447206768804e-06,3.349582164212473e-07,2.3335780545639065e-06,1.786436962537225e-06,1.3874073126196748e-06,2.6011604331935807e-07,7.967436652006764e-07,5.441027580149803e-07,1.5434301037331368e-06,-1.4125495168791906e-09,4.16353124249145e-07,2.953944245659051e-07,1.4719563243202932e-06,1.8073843583419222e-07
29,0.5800000000000012,691.4304725490568,4.349168258784657e-07,2.096360215205379e-06,-2.2878907550281556e-06,1.0219829984827657e-06,-1.4130651251077995e-09,-1.4947518995349834e-06,-1.3263388866419023e-06,1.2320126651778681e-06,3.25121901585675e-07,2.3335780545639065e-06,1.786436962537225e-06,1.3874073126196748e-06,2.689795654714972e-07,8.386191911876577e-07,4.970363937840226e-07,1.5657198046590816e-06,-1.4596534616485996e-09,3.856788283295399e-07,2.6778506455755354e-07,1.4977238981788423e-06,1.873392370142618e-07
30,0.6000000000000006,692.7181382283735,4.187719451112203e-07,2.1006261637634147e-06,-2.1600844009142717e-06,8.423355221899574e-07,-5.586666335624828e-10,-1.417765840461419e-06,-1.2238908837365645e-06,1.125122642548739e-06,3.1544351813249393e-07,2.3335780545639065e-06,1.786436962537225e-06,1.3874073126196748e-06,2.7751645318139386e-07,8.805890549773445e-07,4.5255664222459965e-07,1.5843629898658082e-06,-1.4793707792353995e-09,3.5655365092957663e-07,2.4228276685376956e-07,1.5212952512561078e-06,1.9374489121144332e-07
31,0.6200000000000006,693.9709318176679,4.0302857846437793e-07,2.1038850841309614e-06,-2.035354382468825e-06,6.682265101761923e-07,-2.1406092301914957e-10,-1.3423353297621873e-06,-1.1272386734442023e-06,1.0240637773323324e-06,3.0593849649436686e-07,2.3335780545639065e-06,1.786436962537225e-06,1.3874073126196748e-06,2.8573445841714983e-07,9.226341674562881e-07,4.1060225439076876e-07,1.5994686101894696e-06,-1.4870980548012352e-09,3.289526392273407e-07,2.187714712819619e-07,1.5427871154549183e-06,1.999587113577119e-07
32,0.6400000000000003,695.1908822265142,3.8754740072745e-07,2.105509835982038e-06,-1.910405889281348e-06,4.962812526910952e-07,-7.051224854943921e-11,-1.2678266879605208e-06,-1.0355442571498446e-06,9.279917184067895e-07,2.9651713883289274e-07,2.3335780545639065e-06,1.786436962537225e-06,1.3874073126196748e-06,2.9364021820906803e-07,9.647281166574176e-07,3.7114465167326754e-07,1.6111136878181423e-06,-1.4899437865168376e-09,3.028510190501139e-07,1.9714364197602167e-07,1.5623076704123093e-06,2.0598326771098444e-07
33,0.6600000000000003,696.3784486320501,3.7253121155819764e-07,2.1060386508207403e-06,-1.788432805832216e-06,3.3007363448803883e-07,-5.987566300300922e-11,-1.1955674017183784e-06,-9.496449924801475e-07,8.37756405694224e-07,2.8730517313254404e-07,2.3335780545639065e-06,1.786436962537225e-06,1.3874073126196748e-06,3.012410043319245e-07,1.0068436015254452e-06,3.341562647221319e-07,1.6193772366899337e-06,-1.4912476656323904e-09,2.78217078153325e-07,1.7729174947972178e-07,1.5799651516533193e-06,2.118214908306388e-07
34,0.6800000000000016,697.5351390112547,3.579402491430138e-07,2.1051955977867104e-06,-1.668901604921957e-06,1.6910120454465889e-07,-5.998278008404832e-11,-1.125366954085735e-06,-8.691521711999232e-07,7.529675405825036e-07,2.782761209308157e-07,2.3335780545639065e-06,1.786436962537225e-06,1.3874073126196748e-06,3.085457189389371e-07,1.0489559440115225e-06,2.99582920614588e-07,1.624368985080261e-06,-1.4924462500632117e-09,2.550077345952823e-07,1.591037778429199e-07,1.5958723911160877e-06,2.1747730377127276e-07
35,0.7000000000000016,698.6628129198645,3.4368713740366993e-07,2.102615176447816e-06,-1.5503766652845325e-06,1.1851098360203622e-08,-6.09946904962633e-11,-1.0566441596106379e-06,-7.934156613722137e-07,6.729693457485072e-07,2.6937472299768693e-07,2.3335780545639065e-06,1.786436962537225e-06,1.3874073126196748e-06,3.155619928044039e-07,1.0910340517538678e-06,2.6739013791252287e-07,1.6261785081093096e-06,-1.493656024769119e-09,2.3318762345831856e-07,1.424780995171985e-07,1.6101317599793979e-06,2.2295381221055778e-07
36,0.7200000000000008,699.7625789649888,3.29868266776598e-07,2.098541818472888e-06,-1.434674776287954e-06,-1.3970552612013552e-07,-6.204853986375961e-11,-9.899597287129217e-07,-7.226441309177667e-07,5.979743448962788e-07,2.6066178043287434e-07,2.3335780545639065e-06,1.786436962537225e-06,1.3874073126196748e-06,3.222975468462063e-07,1.133045621703073e-06,2.3753962349679933e-07,1.6248999638317102e-06,-1.4948864570727273e-09,2.1272158457508385e-07,1.2731750159429938e-07,1.6228411968858452e-06,2.2825417724486318e-07
37,0.7400000000000012,700.8375235206714,3.16265976609433e-07,2.0923064802485263e-06,-1.3187162665659037e-06,-2.890606304239669e-07,-6.322436311266327e-11,-9.238621605007055e-07,-6.55335019389012e-07,5.264610104175727e-07,2.5200383396716436e-07,2.3335780545639065e-06,1.786436962537225e-06,1.3874073126196748e-06,3.2875888928006677e-07,1.174954104690288e-06,2.1000571306826024e-07,1.620612302266269e-06,-1.496139186102433e-09,1.9358336568294715e-07,1.1353771009123122e-07,1.634085550438984e-06,2.333808333888637e-07
38,0.7600000000000023,701.8866385716569,3.032660094493396e-07,2.0849902150211433e-06,-1.2084724100004028e-06,-4.2962145343857257e-07,-6.454786386517207e-11,-8.607035858988366e-07,-5.930774180709727e-07,4.600413907738229e-07,2.436418000283452e-07,2.3335780545639065e-06,1.786436962537225e-06,1.3874073126196748e-06,3.3495420914065484e-07,1.216727071642987e-06,1.8473382630259595e-07,1.613425481427643e-06,-1.4974169083721653e-09,1.7573770821895072e-07,1.0105358571663059e-07,1.6439505744508984e-06,2.3833728972881906e-07
39,0.7799999999999985,702.9109897141234,2.9085614063232976e-07,2.0765071107512057e-06,-1.1040658678597726e-06,-5.612291110045344e-07,-6.630240428969523e-11,-8.004145829393715e-07,-5.357596741234517e-07,3.986044753085549e-07,2.3556781163933018e-07,2.3335780545639065e-06,1.786436962537225e-06,1.3874073126196748e-06,3.4089543064147037e-07,1.2583420449007024e-06,1.6160844352399882e-07,1.603516975783214e-06,-1.4987254110536948e-09,1.5912652653057185e-07,8.976521479468842e-08,1.6525370331117205e-06,2.4312938584549487e-07
40,0.8000000000000007,703.913114093712,2.787868858924571e-07,2.0662094225973915e-06,-1.0017085203619392e-06,-6.881630337280639e-07,-6.825804073040782e-11,-7.414377079191647e-07,-4.818429015577304e-07,3.4059336728852535e-07,2.2763074582925593e-07,2.3335780545639065e-06,1.786436962537225e-06,1.3874073126196748e-06,3.4659186090671887e-07,1.299769210234193e-06,1.4055069964177947e-07,1.5910230543358866e-06,-1.500071015503932e-09,1.4370800362198475e-07,7.95891890378754e-08,1.6599290115376921e-06,2.4776137142018127e-07
41,0.8200000000000021,704.8913852831986,2.674961783970705e-07,2.055192397693901e-06,-9.06771843277307e-07,-8.042134283054475e-07,-6.969306738869341e-11,-6.864443090174587e-07,-4.334403560652583e-07,2.8815132455819586e-07,2.2009972908368938e-07,2.3335780545639065e-06,1.786436962537225e-06,1.3874073126196748e-06,3.5205469154961454e-07,1.3409832284371087e-06,1.2146589600538584e-07,1.5760992897155505e-06,-1.5014505265852153e-09,1.2942918345261755e-07,7.043635646164498e-08,1.6662164584561599e-06,2.5223867616931104e-07
42,0.8400000000000027,705.8485076031486,2.567166218272549e-07,2.042787425387491e-06,-8.159034417090504e-07,-9.132399502870352e-07,-7.12006261890224e-11,-6.338085061514493e-07,-3.890357233061732e-07,2.3974285888996756e-07,2.1281191597518445e-07,2.3335780545639065e-06,1.786436962537225e-06,1.3874073126196748e-06,3.5729681955185796e-07,1.381963026667924e-06,1.042391431555216e-07,1.5589247559296251e-06,-1.5028594635209944e-09,1.1622665530092802e-07,6.221159566793041e-08,1.6714954002906416e-06,2.565677926198999e-07
43,0.8600000000000023,706.7864771172523,2.463235557157992e-07,2.0287574204052045e-06,-7.28476458393517e-07,-1.0162438336906726e-06,-7.334912300463904e-11,-5.827079921865184e-07,-3.4754700444476524e-07,1.9427216336797739e-07,2.0569549834949678e-07,2.3335780545639065e-06,1.786436962537225e-06,1.3874073126196748e-06,3.623272213272884e-07,1.4226784751258501e-06,8.879534415449621e-08,1.5396299180898485e-06,-1.5043049610129323e-09,1.040614903175486e-07,5.484576839042109e-08,1.675835550513221e-06,2.6075286676314664e-07
44,0.8800000000000013,707.7036465502995,2.3665939033744195e-07,2.0138679733662266e-06,-6.485126525953138e-07,-1.1084409899767535e-06,-7.416578213719894e-11,-5.352508108393075e-07,-3.1077198298948045e-07,1.5356503965163488e-07,1.989581988276906e-07,2.3335780545639065e-06,1.786436962537225e-06,1.3874073126196748e-06,3.671570507878206e-07,1.4631047290635625e-06,7.50254530446086e-08,1.5183830698531752e-06,-1.5057801100644237e-09,9.288190228729089e-08,4.826257851607898e-08,1.679313922543417e-06,2.6479940373491834e-07
45,0.9000000000000027,708.6035831291578,2.2737415156412794e-07,1.99746361066972e-06,-5.71468399398194e-07,-1.1952464040324532e-06,-7.520532369954508e-11,-4.893207386077082e-07,-2.765688475114479e-07,1.1544913344315918e-07,1.9239269919649697e-07,2.3335780545639065e-06,1.786436962537225e-06,1.3874073126196748e-06,3.717973862068366e-07,1.5032180449039246e-06,6.282564252467265e-08,1.4953461959130817e-06,-1.5072738211227645e-09,8.263618679282005e-08,4.2389170211069286e-08,1.682004064274365e-06,2.6871291271516046e-07
46,0.920000000000002,709.4862485193953,2.1861560794426455e-07,1.9799638220778135e-06,-4.996803025491525e-07,-1.274136901363703e-06,-7.59802191913125e-11,-4.4577343648475423e-07,-2.453288347163952e-07,8.032313612572681e-08,1.8609288918538853e-07,2.3335780545639065e-06,1.786436962537225e-06,1.3874073126196748e-06,3.7625728380192034e-07,1.5429923192313987e-06,5.211415550519935e-08,1.470652362859121e-06,-1.5087856765515836e-09,7.328524504189573e-08,3.717019338879111e-08,1.6839617869700539e-06,2.724977685989792e-07
47,0.9400000000000001,710.350798673947,2.1058744487350932e-07,1.9618088678458108e-06,-4.3617513457180707e-07,-1.3416244595834963e-06,-7.696899454261764e-11,-4.0585427440527386e-07,-2.180201212239885e-07,4.917241542893084e-08,1.801822306308579e-07,2.3335780545639065e-06,1.786436962537225e-06,1.3874073126196748e-06,3.8054931433009764e-07,1.582410046130631e-06,4.275560113399047e-08,1.4444947492496515e-06,-1.510315168688884e-09,6.47689679329963e-08,3.253670382938772e-08,1.6852567424856004e-06,2.7616051979714126e-07
48,0.9600000000000004,711.2015559337987,2.0281888908181095e-07,1.942176218963715e-06,-3.744790361547732e-07,-1.405351455409402e-06,-7.837098394107029e-11,-3.667825648991084e-07,-1.9212004962185368e-07,1.943458856039916e-08,1.7438178046315097e-07,2.3335780545639065e-06,1.786436962537225e-06,1.3874073126196748e-06,3.846833776696509e-07,1.621449896998727e-06,3.4649059426724436e-08,1.417024990099722e-06,-1.511868568473634e-09,5.704259953995234e-08,2.843530212092916e-08,1.6859428125254936e-06,2.797061599080814e-07
49,0.980000000000001,712.0366735776539,1.9566385164082094e-07,1.9218598301297065e-06,-3.196130376570377e-07,-1.4596018992549497e-06,-7.984992916619632e-11,-3.3064359069728684e-07,-1.6913117963843533e-07,-7.3620350764026245e-09,1.6890791048274857e-07,2.3335780545639065e-06,1.786436962537225e-06,1.3874073126196748e-06,3.8866820507687734e-07,1.6600902574896622e-06,2.7708138688606284e-08,1.3883754565530776e-06,-1.5134507776046075e-09,5.006833798398819e-08,2.4822789828326157e-08,1.6860635380603336e-06,2.8313905681754053e-07
50,1.0,712.8566168365414,1.8914693595023557e-07,1.900992876717462e-06,-2.7179538552632475e-07,-1.5041578767364052e-06,-8.134262914189323e-11,-2.9761371703962755e-07,-1.490322825874555e-07,-3.1237153936018274e-08,1.6377794578727981e-07,2.3335780545639065e-06,1.786436962537225e-06,1.3874073126196748e-06,3.925163129527877e-07,1.698318784558132e-06,2.1794054456772867e-08,1.3587378587931656e-06,-1.5150627031875992e-09,4.3785764906619356e-08,2.164115520606748e-08,1.6856775461702095e-06,2.8646591538024066e-07
51,1.0200000000000031,713.6644749824181,1.8292030425370044e-07,1.8790027181089183e-06,-2.2640404986073263e-07,-1.544489243406049e-06,-8.285249531133378e-11,-2.6569125710725253e-07,-1.3013408761811085e-07,-5.390749050525063e-08,1.5878595863008688e-07,2.3335780545639065e-06,1.786436962537225e-06,1.3874073126196748e-06,3.9623698535482764e-07,1.7361187405064018e-06,1.681206010290149e-08,1.3282513875917364e-06,-1.516704654432198e-09,3.8152715165149676e-08,1.884949150401128e-08,1.6848260997257966e-06,2.896915544244148e-07
52,1.0400000000000018,714.4586237373368,1.7730818797179379e-07,1.8566470846942424e-06,-1.8779996644976482e-07,-1.5756529317256142e-06,-8.437099903375657e-11,-2.3676191829713183e-07,-1.1365241254438938e-07,-7.413506649154625e-08,1.5413139384144252e-07,2.3335780545639065e-06,1.786436962537225e-06,1.3874073126196748e-06,3.9983927027708233e-07,1.773475238534431e-06,1.2670019939796697e-08,1.2970499658404218e-06,-1.5183768893755567e-09,3.312818341110616e-08,1.641162650238646e-08,1.6835456741558286e-06,2.928207279491299e-07
53,1.0600000000000025,715.2401583748277,1.7221019522805494e-07,1.833800868936419e-06,-1.545026488506018e-07,-1.5993707719802853e-06,-8.589936454808678e-11,-2.1029388621926705e-07,-9.914073238943857e-08,-9.237258520178417e-08,1.4975545984145524e-07,2.3335780545639065e-06,1.786436962537225e-06,1.3874073126196748e-06,4.033344541090809e-07,1.8103797180707389e-06,9.246993786792763e-09,1.2652997288033617e-06,-1.5200795930113647e-09,2.8657625365942023e-08,1.4283695053048035e-08,1.6818805976388953e-06,2.9585959648595897e-07
54,1.0800000000000003,716.0107841926302,1.6743635085050175e-07,1.8101840262892655e-06,-1.2397858690487326e-07,-1.6186433462834218e-06,-8.745556278190515e-11,-1.852246262537211e-07,-8.574781017889734e-08,-1.0948489709815968e-07,1.4554634514208306e-07,2.3335780545639065e-06,1.786436962537225e-06,1.3874073126196748e-06,4.067309195698661e-07,1.8468195670229916e-06,6.462181429238383e-09,1.233119587620728e-06,-1.521813142284742e-09,2.4702440241212576e-08,1.2434809627364945e-08,1.6798620228158961e-06,2.9881261453579405e-07
55,1.1000000000000008,716.7693972613444,1.6323003454303336e-07,1.7864100784953486e-06,-9.946000717700586e-08,-1.6298599052515323e-06,-8.90131054006208e-11,-1.629565279894567e-07,-7.42849345182838e-08,-1.2464499300121707e-07,1.416552680045134e-07,2.3335780545639065e-06,1.786436962537225e-06,1.3874073126196748e-06,4.1003758342380156e-07,1.8827855080708386e-06,4.227795488419553e-09,1.2006345551053778e-06,-1.5235778289665634e-09,2.1220628698780717e-08,1.083448218039314e-08,1.6775207239149022e-06,3.0168463066726005e-07
56,1.12,717.5174812884798,1.5940077591454988e-07,1.7621548052673461e-06,-7.825227310327207e-08,-1.636099831607613e-06,-9.056873756263056e-11,-1.4246505106501393e-07,-6.405209140192418e-08,-1.3856371424269502e-07,1.3796794897618719e-07,2.3335780545639065e-06,1.786436962537225e-06,1.3874073126196748e-06,4.1326389152837726e-07,1.9182711569084643e-06,2.4506726856170296e-09,1.1679749577367874e-06,-1.5253736473961078e-09,1.816641290823611e-08,9.451111921191187e-09,1.6748886368424631e-06,3.0448086283706696e-07
57,1.1400000000000028,718.2555865474292,1.5591762780411485e-07,1.737462694635698e-06,-5.991716847883029e-08,-1.6379528841778992e-06,-9.211957795948253e-11,-1.2359451632140536e-07,-5.4845087924902106e-08,-1.514474627383234e-07,1.3446891677950647e-07,2.3335780545639065e-06,1.786436962537225e-06,1.3874073126196748e-06,4.164170755655643e-07,1.9532673319074994e-06,1.0689782697958697e-09,1.1352344305789279e-06,-1.527200530551258e-09,1.5505817234371563e-08,8.26214012792281e-09,1.6719885250726526e-06,3.072052314946243e-07
58,1.1600000000000024,718.9830783321784,1.529423753253995e-07,1.7127978822731972e-06,-4.628254243116751e-08,-1.633399605409234e-06,-9.366661487972564e-11,-1.072747271987972e-07,-4.713685685464619e-08,-1.6281323554621748e-07,1.3126037645634664e-07,2.3335780545639065e-06,1.786436962537225e-06,1.3874073126196748e-06,4.195056755968594e-07,1.987769937676588e-06,6.981160695932804e-12,1.1025209056830573e-06,-1.5290583924795572e-09,1.3197124799169586e-08,7.242320680127331e-09,1.6688459180898072e-06,3.0986252442698274e-07
59,1.1800000000000028,719.7015650884191,1.5022055232328182e-07,1.6876339952832416e-06,-3.4283085808798734e-08,-1.6259233544335464e-06,-9.520634769980422e-11,-9.213878947421619e-08,-4.014464083304172e-08,-1.7345619271199194e-07,1.2818672200277436e-07,2.3335780545639065e-06,1.786436962537225e-06,1.3874073126196748e-06,4.225373048733463e-07,2.021774256452153e-06,-7.986751217038297e-10,1.0699276760846287e-06,-1.53094712210534e-09,1.1202989632439406e-08,6.3695057032504556e-09,1.6654832238072252e-06,3.12456995411574e-07
60,1.2000000000000013,720.410715731594,1.478612198398758e-07,1.662341069766675e-06,-2.5047251236848325e-08,-1.614333752332854e-06,-9.673910207988844e-11,-7.880478822516851e-08,-3.412754065860102e-08,-1.8311102970861334e-07,1.253188116576187e-07,2.3335780545639065e-06,1.786436962537225e-06,1.3874073126196748e-06,4.255181225949776e-07,2.0552740071026497e-06,-1.3919784921604635e-09,1.0375251050169673e-06,-1.5328665766031815e-09,9.49355385544569e-09,5.626783888334123e-09,1.6619175515830193e-06,3.149920507481777e-07
61,1.220000000000002,721.1107945489474,1.4586116267712798e-07,1.636996879414776e-06,-1.8362490654722918e-08,-1.5989036678754589e-06,-9.826320150726581e-11,-6.728804351296037e-08,-2.905937574347956e-08,-1.9180297258691468e-07,1.226567714831392e-07,2.3335780545639065e-06,1.786436962537225e-06,1.3874073126196748e-06,4.284553464201478e-07,2.088267386594465e-06,-1.8260759110762217e-09,1.005392730814883e-06,-1.5348165996389634e-09,8.032625538064352e-09,4.994914724313257e-09,1.6581684115600638e-06,3.1747180657958535e-07
62,1.240000000000001,721.8029516237267,1.4405049482671767e-07,1.611242316529644e-06,-1.2511764899330595e-08,-1.5816158654984707e-06,-9.97738993426174e-11,-5.668196502823328e-08,-2.4459578310767478e-08,-2.0002026350772448e-07,1.2009639978750483e-07,2.3335780545639065e-06,1.786436962537225e-06,1.3874073126196748e-06,4.313544629951861e-07,2.120749778553908e-06,-2.1348184666167265e-09,9.73587535481145e-07,-1.5367969706474238e-09,6.792925452652469e-09,4.459725183770822e-09,1.6542501791991175e-06,3.198993382922917e-07
63,1.2600000000000033,722.4865669833771,1.425766601330102e-07,1.585574473323287e-06,-8.72916262528989e-09,-1.5611617878206597e-06,-1.0127152738677982e-10,-4.7809478145313665e-08,-2.0673844505794303e-08,-2.0740896786359772e-07,1.1773337903174556e-07,2.3335780545639065e-06,1.786436962537225e-06,1.3874073126196748e-06,4.342207345447837e-07,2.152717946452441e-06,-2.3472277418630773e-09,9.421597589479502e-07,-1.538807424914673e-09,5.748011020916883e-09,4.008390955605237e-09,1.6501758868854038e-06,3.2227763608048443e-07
64,1.2800000000000007,723.1627133000043,1.412835437312123e-07,1.5596185785545304e-06,-5.672041461604469e-09,-1.5390709730901659e-06,-1.0274848655986117e-10,-3.9849382263612725e-08,-1.7323757375622308e-08,-2.143535889044719e-07,1.1547036929629382e-07,2.3335780545639065e-06,1.786436962537225e-06,1.3874073126196748e-06,4.3705933658342554e-07,2.1841698769712154e-06,-2.4912397827322003e-09,9.111574313388461e-07,-1.5408476250541474e-09,4.871422416827735e-09,3.628414936791127e-09,1.6459582613177236e-06,3.246096735637645e-07
65,1.3000000000000034,723.831241532878,1.4022301041430847e-07,1.533621944982943e-06,-3.626513424365775e-09,-1.5151027929977795e-06,-1.0421044283954206e-10,-3.3094704461092885e-08,-1.4507214858706869e-08,-2.2075270733275635e-07,1.133431881202897e-07,2.3335780545639065e-06,1.786436962537225e-06,1.3874073126196748e-06,4.3987440212488115e-07,2.215102282206594e-06,-2.58422533159184e-09,8.806156936779626e-07,-1.5429172143480857e-09,4.141981549580581e-09,3.31010521444773e-09,1.6416071983553508e-06,3.268978091379307e-07
66,1.3200000000000005,724.4926518954203,1.393511820213575e-07,1.5075230095806575e-06,-2.2672420428608034e-09,-1.4896677286983483e-06,-1.0564913909628243e-10,-2.7327538952245844e-08,-1.2121120378849429e-08,-2.2671050957681783e-07,1.1132559718620603e-07,2.3335780545639065e-06,1.786436962537225e-06,1.3874073126196748e-06,4.426701440492374e-07,2.2455137317522257e-06,-2.6431628862639776e-09,8.505679884610056e-07,-1.5450158101673534e-09,3.5377591154472804e-09,3.0438218620722785e-09,1.6371325661862557e-06,3.291444969909953e-07
67,1.3400000000000007,725.1473943584913,1.3862178262151631e-07,1.4812575311084258e-06,-1.2724690368713938e-09,-1.4631883104051183e-06,-1.0706395113776599e-10,-2.2307991654579863e-08,-1.0052931044653207e-08,-2.3234068897547764e-07,1.0939014133789376e-07,2.3335780545639065e-06,1.786436962537225e-06,1.3874073126196748e-06,4.4544987369566617e-07,2.275401537159117e-06,-2.678559997061364e-09,8.210394280699706e-07,-1.5471429410697174e-09,3.0414038093790174e-09,2.822081347837203e-09,1.6325420542007327e-06,3.3135165437623634e-07
68,1.3600000000000032,725.7954308687927,1.3806549269083978e-07,1.4550079528551715e-06,-7.43007256499967e-10,-1.4356250546219815e-06,-1.0845783835372157e-10,-1.821263663219119e-08,-8.35948315157811e-09,-2.3758380035612808e-07,1.0755899431071921e-07,2.3335780545639065e-06,1.786436962537225e-06,1.3874073126196748e-06,4.4821674644879006e-07,2.3047641919987566e-06,-2.6987147599950028e-09,7.92051294419696e-07,-1.5492981589645842e-09,2.636197526511257e-09,2.6379572058748813e-09,1.627842809307416e-06,3.3352114573272274e-07
69,1.3800000000000008,726.4374748713287,1.3760770229868388e-07,1.4285842748085295e-06,-3.560083998330385e-10,-1.4073796157387022e-06,-1.0982826333371566e-10,-1.4648711786748767e-08,-6.886776661201021e-09,-2.425964576760643e-07,1.0578542141867352e-07,2.3335780545639065e-06,1.786436962537225e-06,1.3874073126196748e-06,4.5097347839868495e-07,2.33360011427539e-06,-2.709704916558299e-09,7.636212477160925e-07,-1.5514810199814903e-09,2.3075840423218974e-09,2.48549460774707e-09,1.6230410067270948e-06,3.356545898900164e-07
70,1.4000000000000032,727.0734154564055,1.3728264798306775e-07,1.4021943710212416e-06,-1.8629874364081612e-10,-1.378457793254556e-06,-1.1117088436640081e-10,-1.1805353011608207e-08,-5.694601805896178e-09,-2.4731614077034284e-07,1.0409433946610144e-07,2.3335780545639065e-06,1.786436962537225e-06,1.3874073126196748e-06,4.537223819015028e-07,2.361907900733691e-06,-2.7151279879931186e-09,7.357628736261565e-07,-1.553691011458403e-09,2.043043394338295e-09,2.3596808230761356e-09,1.61814188074263e-06,3.377533874988644e-07
71,1.4199999999999984,727.704000850946,1.3702610992113586e-07,1.3756560668982885e-06,-6.68169289545255e-11,-1.3490775997750577e-06,-1.1249281822652472e-10,-9.341886969073491e-09,-4.658615119958097e-09,-2.5186984475308615e-07,1.0244507954493232e-07,2.3335780545639065e-06,1.786436962537225e-06,1.3874073126196748e-06,4.5646546948054417e-07,2.3896864051128797e-06,-2.717659144719171e-09,7.08487519695867e-07,-1.5559276484844183e-09,1.8315709945315297e-09,2.2561486538176626e-09,1.613150020887397e-06,3.398187816889743e-07
72,1.4400000000000015,728.3291040573346,1.3686531096540656e-07,1.3491622793713147e-06,-2.6462829134622604e-11,-1.3193064137812849e-06,-1.1379127102879751e-10,-7.405352558785925e-09,-3.823690678214621e-09,-2.5621014775066044e-07,1.0085826853239164e-07,2.3335780545639065e-06,1.786436962537225e-06,1.3874073126196748e-06,4.5920438368941e-07,2.41693458857558e-06,-2.71859194230021e-09,6.818036795602995e-07,-1.5581904893769588e-09,1.6640985992529093e-09,2.1713255958360237e-09,1.6080692209623589e-06,3.418518151697478e-07
73,1.4600000000000002,728.9494205734068,1.3675363125874283e-07,1.3225704192594168e-06,-5.178613560671696e-12,-1.2892319301982236e-06,-1.1506024392896015e-10,-5.746998271725372e-09,-3.103215700848527e-09,-2.60425887288077e-07,9.930421979820343e-08,2.3335780545639065e-06,1.786436962537225e-06,1.3874073126196748e-06,4.619405731116513e-07,2.4436519155618854e-06,-2.7189083567270488e-09,6.557182961205061e-07,-1.5604790045265565e-09,1.532575090947805e-09,2.1020565320453155e-09,1.602902860611972e-06,3.4385344005305363e-07
74,1.4800000000000024,729.5648042951905,1.3671220647503706e-07,1.2960623771292123e-06,-2.8927503794575236e-12,-1.25896557445321e-06,-1.1629837137944897e-10,-4.4778393144836146e-09,-2.5299608248335494e-09,-2.644818708237621e-07,9.779985293379838e-08,2.3335780545639065e-06,1.786436962537225e-06,1.3874073126196748e-06,4.6467523148898943e-07,2.4698382435257745e-06,-2.718989070366573e-09,6.302363210739889e-07,-1.5627925906797347e-09,1.4303267150857037e-09,2.0457247667884293e-09,1.5976537830308529e-06,3.4582448078037384e-07
75,1.5000000000000029,730.1758622370204,1.3670720707546258e-07,1.2695255923346085e-06,-2.8989502871734863e-12,-1.2285358915538097e-06,-1.1750530123067683e-10,-3.416297288146532e-09,-2.0427711952601984e-09,-2.6844093087643963e-07,9.632349575510233e-08,2.3335780545639065e-06,1.786436962537225e-06,1.3874073126196748e-06,4.674094256244945e-07,2.4954941232204133e-06,-2.7190469873734365e-09,6.053613064139181e-07,-1.5651306274058235e-09,1.3513853490594003e-09,1.999997446587567e-09,1.5923245550138507e-06,3.477657142672629e-07
76,1.5200000000000047,730.7825853148161,1.367481286048049e-07,1.2430858545019885e-06,-2.964424654480738e-12,-1.1980440420435562e-06,-1.1868141144395633e-10,-2.609119110229414e-09,-1.654262284045394e-09,-2.7228895642548734e-07,9.488404259262606e-08,2.3335780545639065e-06,1.786436962537225e-06,1.3874073126196748e-06,4.701439789812974e-07,2.5206202376887815e-06,-2.7191056211230628e-09,5.810955070779422e-07,-1.5674924945324982e-09,1.2911311850756354e-09,1.9630271117945528e-09,1.586917256140831e-06,3.4967778965074033e-07
77,1.5400000000000003,731.3854234366124,1.3681586077570813e-07,1.2166902526947846e-06,-3.0359063746219628e-12,-1.1675101544731562e-06,-1.198258975042149e-10,-1.9513886318156616e-09,-1.3291370270883942e-09,-2.760622314347999e-07,9.34696599002498e-08,2.3335780545639065e-06,1.786436962537225e-06,1.3874073126196748e-06,4.728796188751019e-07,2.5452179987607436e-06,-2.719165624433485e-09,5.574399651127803e-07,-1.5698775676219878e-09,1.2455261076551948e-09,1.9331931186832458e-09,1.5814337442622294e-06,3.5156132667566865e-07
78,1.559999999999997,731.984466426979,1.369123969487989e-07,1.190414257308872e-06,-3.113473872522429e-12,-1.137009684898603e-06,-1.2097014621475758e-10,-1.4493269908975013e-09,-1.0678934604238602e-09,-2.797593684916933e-07,9.20837032040282e-08,2.3335780545639065e-06,1.786436962537225e-06,1.3874073126196748e-06,4.756169014523465e-07,2.5692890438607763e-06,-2.719227118236021e-09,5.343947667190665e-07,-1.5722855280592493e-09,1.2115189514280689e-09,1.9092228138082176e-09,1.5758755282629654e-06,3.5341686030671115e-07
79,1.5800000000000016,732.5799351524968,1.3703169565720165e-07,1.1642819609106032e-06,-3.194709172999149e-12,-1.1065952745720625e-06,-1.2208597234453325e-10,-1.0660091727483702e-09,-8.575882319070854e-10,-2.833931815086269e-07,9.072367759905717e-08,2.3335780545639065e-06,1.786436962537225e-06,1.3874073126196748e-06,4.783563423784072e-07,2.5928360060429767e-06,-2.7192902000665145e-09,5.119587171243546e-07,-1.5747160892447558e-09,1.1863655897916042e-09,1.8899679968849987e-09,1.5702440027629609e-06,3.552449341147424e-07
80,1.6000000000000014,733.1721667504264,1.3716584148699239e-07,1.1382636881490543e-06,-3.2783886694200025e-12,-1.0762676239322489e-06,-1.231698439825146e-10,-7.575907150003786e-10,-6.825039350943415e-10,-2.8697995625823895e-07,8.938459343718746e-08,2.3335780545639065e-06,1.786436962537225e-06,1.3874073126196748e-06,4.810983177498491e-07,2.615861462533573e-06,-2.719354931044745e-09,4.901300881393117e-07,-1.5771686474081286e-09,1.1681295909141169e-09,1.874567075214937e-09,1.5645402713852923e-06,3.5704601682510484e-07
81,1.6200000000000063,733.7611728127,1.373177123192605e-07,1.1124576117388692e-06,-3.364131540648139e-12,-1.046125353210468e-06,-1.2422148232699528e-10,-5.320262303832315e-10,-5.44606289596547e-10,-2.905166267754112e-07,8.807087406159682e-08,2.3335780545639065e-06,1.786436962537225e-06,1.3874073126196748e-06,4.838431532879123e-07,2.638368675532458e-06,-2.719421356246842e-09,4.689061583678793e-07,-1.5796425606711884e-09,1.1552334214602777e-09,1.862295972967958e-09,1.5587653055549544e-06,3.588205715000931e-07
82,1.6400000000000041,734.3472124364787,1.374818365450126e-07,1.086846842185714e-06,-3.4513149361557824e-12,-1.0161735675844314e-06,-1.2524791872479807e-10,-3.5830587389387046e-10,-4.325975109598888e-10,-2.9401472322215875e-07,8.677921469438164e-08,2.3335780545639065e-06,1.786436962537225e-06,1.3874073126196748e-06,4.865911487765547e-07,2.6603617200717014e-06,-2.7194895107115935e-09,4.482831691599326e-07,-1.5821372546816458e-09,1.1463301004175076e-09,1.8525239349623525e-09,1.5529199920549793e-06,3.605690723876527e-07
83,1.6599999999999995,734.9304305865605,1.3765696919598433e-07,1.061454900722804e-06,-3.540179566267891e-12,-9.864447442021894e-07,-1.2625002393237761e-10,-2.265940426167516e-10,-3.422376246976355e-10,-2.974782171944908e-07,8.550971334870583e-08,2.3335780545639065e-06,1.786436962537225e-06,1.3874073126196748e-06,4.89342536833964e-07,2.6818447375007814e-06,-2.7195594256568222e-09,4.2825698604207104e-07,-1.584652234108186e-09,1.1404811012524026e-09,1.8447755836057325e-09,1.5470050626508143e-06,3.6229196166808317e-07
84,1.6800000000000055,735.5109268120697,1.3784270851943348e-07,1.0363259872295634e-06,-3.6307170555939313e-12,-9.569912857697377e-07,-1.2722385692143653e-10,-1.298881673521472e-10,-2.7058949178277967e-10,-3.009095646862962e-07,8.426348694014819e-08,2.3335780545639065e-06,1.786436962537225e-06,1.3874073126196748e-06,4.92097533611119e-07,2.7028225463803115e-06,-2.7196311346229155e-09,4.0882262574234595e-07,-1.587186972916667e-09,1.1369162791527125e-09,1.8386473124408452e-09,1.5410211848320046e-06,3.6398969367097224e-07
85,1.7000000000000015,736.0888526069239,1.3803722947192196e-07,1.0114620754201418e-06,-3.7224216552849385e-12,-9.278239212779894e-07,-1.2817132992311094e-10,-5.691781074027052e-11,-2.1292811536337417e-10,-3.043133527955059e-07,8.303970885911174e-08,2.3335780545639065e-06,1.786436962537225e-06,1.3874073126196748e-06,4.948563329910319e-07,2.7233004270068044e-06,-2.719704666010041e-09,3.8997447367187243e-07,-1.589740924785026e-09,1.1350482193717886e-09,1.8338121363693082e-09,1.5349689556571877e-06,3.656627256289645e-07
86,1.7200000000000046,736.6643083789872,1.3823975832555915e-07,9.868743887549275e-07,-3.815178626680272e-12,-8.989590358283643e-07,-1.290930837814787e-10,-2.1049234238049525e-12,-1.665560180837927e-10,-3.0769190659737767e-07,8.18383645491704e-08,2.3335780545639065e-06,1.786436962537225e-06,1.3874073126196748e-06,4.976191028690072e-07,2.743283791648558e-06,-2.719780042013003e-09,3.71706644100806e-07,-1.5923135689220429e-09,1.134457992030148e-09,1.8300172950347766e-09,1.528848903063258e-06,3.673115063630476e-07
87,1.740000000000001,737.2373449470255,1.384506961415476e-07,9.626103414249338e-07,-3.908865445443212e-12,-8.704491201070254e-07,-1.299863491049775e-10,3.697652703022712e-11,-1.3024247435296647e-10,-3.110458222922519e-07,8.066106599466897e-08,2.3335780545639065e-06,1.786436962537225e-06,1.3874073126196748e-06,5.003860074136777e-07,2.7627786389503534e-06,-2.7198572824536427e-09,3.5401256254145523e-07,-1.594904363250984e-09,1.1348067080662122e-09,1.827049310110514e-09,1.5226615257743627e-06,3.6893650066848574e-07
88,1.7600000000000027,737.8080490416769,1.38669081413541e-07,9.386694562814942e-07,-4.003486715222211e-12,-8.422979880547046e-07,-1.3088552309327333e-10,6.568261038283115e-11,-1.014108103484293e-10,-3.1437729325810366e-07,7.950736082754819e-08,2.3335780545639065e-06,1.786436962537225e-06,1.3874073126196748e-06,5.031572051892288e-07,2.7817914369274194e-06,-2.719936405975156e-09,3.368850914598366e-07,-1.5975130819729824e-09,1.1358332994403428e-09,1.8247327772635436e-09,1.5164072946188588e-06,3.70538184936708e-07
89,1.7800000000000031,738.3764734087705,1.3889419287497006e-07,9.15047903741003e-07,-4.0987173795906264e-12,-8.145042470908863e-07,-1.317508373921244e-10,8.701806146651437e-11,-7.834452481748855e-11,-3.176874963988931e-07,7.837682289192853e-08,2.3335780545639065e-06,1.786436962537225e-06,1.3874073126196748e-06,5.05932837932114e-07,2.8003286105276447e-06,-2.720017428015988e-09,3.203170691083803e-07,-1.6001394455777535e-09,1.1373603061588363e-09,1.822935223911894e-09,1.5100866467222887e-06,3.721170267739028e-07
90,1.8000000000000054,738.942633676325,1.3912669047544014e-07,8.917945895885963e-07,-4.194642575145491e-12,-7.871207772687446e-07,-1.3258841317958547e-10,1.0177384453316378e-10,-6.053335568381106e-11,-3.2097618294147953e-07,7.727122271309354e-08,2.3335780545639065e-06,1.786436962537225e-06,1.3874073126196748e-06,5.087130467656185e-07,2.8183970354609425e-06,-2.7201003616153647e-09,3.043008188647822e-07,-1.6027828380834564e-09,1.1392482252188333e-09,1.8215464451068626e-09,1.5037000099288843e-06,3.736735072299532e-07
91,1.8199999999999983,739.5065611584859,1.3936596600763123e-07,8.689071189286147e-07,-4.291010429483644e-12,-7.601472256731748e-07,-1.3341094710909772e-10,1.1232312331810379e-10,-4.660643716140259e-11,-3.2424410030816657e-07,7.61902263164761e-08,2.3335780545639065e-06,1.786436962537225e-06,1.3874073126196748e-06,5.114979733304481e-07,2.8360040525461083e-06,-2.72018521814555e-09,2.888281388353685e-07,-1.60544283168636e-09,1.1413891948973452e-09,1.8204750471784398e-09,1.4972478070963902e-06,3.7520812172024836e-07
92,1.840000000000004,740.0682587718014,1.3961114711433637e-07,8.46366506127402e-07,-4.387477892199173e-12,-7.335650584178768e-07,-1.341916187798798e-10,1.2014990653770424e-10,-3.551693764758192e-11,-3.2749154008983897e-07,7.513289139376337e-08,2.3335780545639065e-06,1.786436962537225e-06,1.3874073126196748e-06,5.142877444616686e-07,2.8531567887966735e-06,-2.7202720030288256e-09,2.738910159944537e-07,-1.6081188573452837e-09,1.1437139251959039e-09,1.8196538134302612e-09,1.4907304506924082e-06,3.767213528973512e-07
93,1.860000000000004,740.62771746682,1.3986300567581893e-07,8.242242478016871e-07,-4.484633937434317e-12,-7.074294689279154e-07,-1.349522190377336e-10,1.2545421934923377e-10,-2.708689388806678e-11,-3.30717820920373e-07,7.410110589829694e-08,2.3335780545639065e-06,1.786436962537225e-06,1.3874073126196748e-06,5.170824859895702e-07,2.8698626963359642e-06,-2.7203607241472563e-09,2.594810707209958e-07,-1.6108102957235005e-09,1.1461699664547732e-09,1.819027775114996e-09,1.484148357082306e-06,3.7821369287027177e-07
94,1.8800000000000001,741.1849240495136,1.4012105935625223e-07,8.024773754028818e-07,-4.581844413931515e-12,-6.817385235279713e-07,-1.356925479647352e-10,1.2920427141701586e-10,-2.0608167760749504e-11,-3.3392280978788584e-07,7.309457684544611e-08,2.3335780545639065e-06,1.786436962537225e-06,1.3874073126196748e-06,5.198823266398903e-07,2.8861297125680067e-06,-2.7204513889305918e-09,2.455893907964397e-07,-1.6135167433936172e-09,1.1487165513624352e-09,1.8185508244985688e-09,1.4775019507752248e-06,3.796856496977089e-07
95,1.9000000000000024,741.7398302876713,1.4038416173610689e-07,7.810922655659179e-07,-4.679166799989848e-12,-6.564576428154954e-07,-1.364072626628534e-10,1.3206773236182912e-10,-1.5468353067079047e-11,-3.3710610124296073e-07,7.211180380660031e-08,2.3335780545639065e-06,1.786436962537225e-06,1.3874073126196748e-06,5.226873788508143e-07,2.9019654089776965e-06,-2.720543999042828e-09,2.3220742913300353e-07,-1.616237741499887e-09,1.1513292714002239e-09,1.8181900592902395e-09,1.4707916616649157e-06,3.811377135042295e-07
96,1.9200000000000008,742.2924114572296,1.4065316166838775e-07,7.601242680195874e-07,-4.7767090035209625e-12,-6.316459933837179e-07,-1.3709803994405346e-10,1.3404671093425384e-10,-1.1628775545695498e-11,-3.402667946662395e-07,7.115481517554031e-08,2.3335780545639065e-06,1.786436962537225e-06,1.3874073126196748e-06,5.25497752084859e-07,2.9173775743135504e-06,-2.7206385578009466e-09,2.1932639277101238e-07,-1.618972794525918e-09,1.1539904158331844e-09,1.8179190880042028e-09,1.4640179327058242e-06,3.825703796940508e-07
97,1.9400000000000022,742.8426167340314,1.409275305394413e-07,7.395675759613354e-07,-4.874205216952797e-12,-6.072982676112078e-07,-1.3776178650039157e-10,1.3551072281500774e-10,-8.723997317494426e-12,-3.4340420136435584e-07,7.022321174100605e-08,2.3335780545639065e-06,1.786436962537225e-06,1.3874073126196748e-06,5.283135590069376e-07,2.9323744927533607e-06,-2.7207350669430585e-09,2.0693695016106228e-07,-1.6217213927903865e-09,1.1566859901706773e-09,1.8177155602755763e-09,1.4571812227455178e-06,3.8398415996321635e-07
98,1.960000000000002,743.3903531423558,1.4120604169130312e-07,7.193862674110989e-07,-4.9716200327657135e-12,-5.833772376487251e-07,-1.384010148121014e-10,1.3669731813763052e-10,-6.446057897418715e-12,-3.4651733863000705e-07,6.931538855093407e-08,2.3335780545639065e-06,1.786436962537225e-06,1.3874073126196748e-06,5.31134894729245e-07,2.946964031187085e-06,-2.72083352519565e-09,1.9503019510846308e-07,-1.6244830208034405e-09,1.1594080705802036e-09,1.8175638597234064e-09,1.4502820073455742e-06,3.8537954596613575e-07
99,1.9800000000000078,743.935579683357,1.4148936857030015e-07,6.996291336924833e-07,-5.0683917706837285e-12,-5.599351670290057e-07,-1.3901401376240969e-10,1.3760805818512791e-10,-4.76894543229233e-12,-3.496051886528015e-07,6.843309671180312e-08,2.3335780545639065e-06,1.786436962537225e-06,1.3874073126196748e-06,5.339618488318618e-07,2.961154185198125e-06,-2.7209339253136247e-09,1.8359707106168247e-07,-1.6272571710892182e-09,1.162151124343432e-09,1.8174517096901718e-09,1.443320782072744e-06,3.867570308187635e-07
100,2.0,744.4782152486373,1.4177698654242917e-07,6.802922112161677e-07,-5.1644993042969125e-12,-5.369686035626131e-07,-1.3960209521186762e-10,1.3836210158832228e-10,-3.5217995332969216e-12,-3.5266666090088683e-07,6.757599299736358e-08,2.3335780545639065e-06,1.786436962537225e-06,1.3874073126196748e-06,5.36794512382988e-07,2.974953398647206e-06,-2.7210362542242997e-09,1.7262803335577053e-07,-1.6300433321789447e-09,1.1649108259411654e-09,1.817368802240608e-09,1.43629806357721e-06,3.8811712171585464e-07
101,2.0200000000000036,745.0181288955539,1.4206760722476104e-07,6.613399198727519e-07,-5.2598619838087805e-12,-5.144406897181936e-07,-1.4017540767254705e-10,1.390391092319126e-10,-2.5573321762594915e-12,-3.5570034048363406e-07,6.674245659691623e-08,2.3335780545639065e-06,1.786436962537225e-06,1.3874073126196748e-06,5.396329583206604e-07,2.9883697199580976e-06,-2.721140497837282e-09,1.621139404229606e-07,-1.6328411072078263e-09,1.1676848380493682e-09,1.8173080109235763e-09,1.4292143935633635e-06,3.8946030621179767e-07
102,2.0400000000000063,745.5552391525111,1.423606323381552e-07,6.427617410050928e-07,-5.3543043674380865e-12,-4.923407566744768e-07,-1.407210291206362e-10,1.3963795992858927e-10,-1.822964032468294e-12,-3.5870524190462474e-07,6.593188557344606e-08,2.3335780545639065e-06,1.786436962537225e-06,1.3874073126196748e-06,5.424772407162899e-07,3.001410736566878e-06,-2.7212466395007504e-09,1.5204612595903253e-07,-1.6356500715758224e-09,1.1704716087409735e-09,1.8172642079614915e-09,1.42207033773948e-06,3.9078704963350146e-07
103,2.060000000000006,746.0894383209148,1.4265480788692957e-07,6.245180856229785e-07,-5.44784267992436e-12,-4.7062750714108857e-07,-1.412370323447989e-10,1.401826769767868e-10,-1.2171558210171973e-12,-3.6168022683617565e-07,6.51425598212253e-08,2.3335780545639065e-06,1.786436962537225e-06,1.3874073126196748e-06,5.453273951185407e-07,3.0140835348331584e-06,-2.72135466097131e-09,1.4241644332087709e-07,-1.6384696521903936e-09,1.1732698151100271e-09,1.8172338067629566e-09,1.4148664830520723e-06,3.920977940874481e-07
104,2.0800000000000036,746.6207657874705,1.4295269637665234e-07,6.06741630184671e-07,-5.540564185476429e-12,-4.4944199507182825e-07,-1.4173231397190141e-10,1.4067036795585828e-10,-7.89729418638523e-13,-3.646245064781058e-07,6.437956722823061e-08,2.3335780545639065e-06,1.786436962537225e-06,1.3874073126196748e-06,5.481834701611763e-07,3.0263961319912335e-06,-2.7214645450397916e-09,1.3321574829874892e-07,-1.6412993456535066e-09,1.1760783455593533e-09,1.8172137379105404e-09,1.4076034357189302e-06,3.9339301535794255e-07
105,2.1000000000000036,747.1489036508875,1.4325101777445112e-07,5.893234517898346e-07,-5.632748873446836e-12,-4.28670237275357e-07,-1.4219548060917144e-10,1.4112359325552889e-10,-4.63324521489132e-13,-3.675352897402586e-07,6.363822541207923e-08,2.3335780545639065e-06,1.786436962537225e-06,1.3874073126196748e-06,5.510455073026873e-07,3.0383567828109787e-06,-2.721576278170186e-09,1.2443462597527708e-07,-1.6441386235993496e-09,1.1788962851714671e-09,1.8172012073711986e-09,1.4002818377567465e-06,3.9467319328434564e-07
106,2.120000000000005,747.6737705969059,1.4355001535158274e-07,5.722974276605101e-07,-5.7241239798469625e-12,-4.0834895990165673e-07,-1.426187158668326e-10,1.4153688932331025e-10,-2.257340847872589e-13,-3.7041112697416153e-07,6.291967554833358e-08,2.3335780545639065e-06,1.786436962537225e-06,1.3874073126196748e-06,5.539135176339478e-07,3.049972991605483e-06,-2.721689846898904e-09,1.1606443400350637e-07,-1.646986765564144e-09,1.1817228899972558e-09,1.817194316785066e-09,1.3929023735896017e-06,3.9593877229394984e-07
107,2.1400000000000023,748.1954925925235,1.4385320645814868e-07,5.558329224250881e-07,-5.814069636899922e-12,-3.886576788579108e-07,-1.430168054913994e-10,1.4192509976929417e-10,-1.1180425841792438e-13,-3.732518912326638e-07,6.223045878695556e-08,2.3335780545639065e-06,1.786436962537225e-06,1.3874073126196748e-06,5.567875498520448e-07,3.0612542951063375e-06,-2.721805228835053e-09,1.0809436761591175e-07,-1.6498431207777706e-09,1.1845575098881815e-09,1.8171909414015464e-09,1.3854657434075345e-06,3.9719027363730257e-07
108,2.1600000000000006,748.71351498962,1.4415439878696338e-07,5.397086281613213e-07,-5.902503581651825e-12,-3.6936421639130965e-07,-1.4339304465220113e-10,1.422915183277422e-10,-3.7803124237851906e-14,-3.760530814570311e-07,6.156131273308653e-08,2.3335780545639065e-06,1.786436962537225e-06,1.3874073126196748e-06,5.596676259044957e-07,3.0722097106122005e-06,-2.7219223945671087e-09,1.005141486634202e-07,-1.652707219279245e-09,1.1873996760691516e-09,1.8171894453276974e-09,1.3779726936806381e-06,3.984281913525029e-07
109,2.1799999999999993,749.2277685039128,1.444540552670838e-07,5.239688957588774e-07,-5.989315410277986e-12,-3.5051645413509063e-07,-1.437591788069357e-10,1.4264788991272288e-10,-2.8913323819723246e-15,-3.788131877724867e-07,6.091379437725427e-08,2.3335780545639065e-06,1.786436962537225e-06,1.3874073126196748e-06,5.625537104450359e-07,3.082846485851402e-06,-2.722041312756969e-09,9.331534195815667e-08,-1.6555787415137413e-09,1.1902490701515561e-09,1.8171890383832117e-09,1.3704240309883434e-06,3.996529424236062e-07
110,2.2000000000000015,749.7384351859532,1.447563018852065e-07,5.088074210458789e-07,-6.074289913385811e-12,-3.3231946638205127e-07,-1.4409825622603853e-10,1.429772756423346e-10,-9.651297817667847e-17,-3.8153246171235893e-07,6.029540053033542e-08,2.3335780545639065e-06,1.786436962537225e-06,1.3874073126196748e-06,5.654458140165592e-07,3.0931742490194504e-06,-2.7221619488101146e-09,8.64869827529845e-08,-1.6584573158639767e-09,1.193105321807107e-09,1.8171890085047597e-09,1.362820574493494e-06,4.008650343726822e-07
111,2.2200000000000033,750.2448045917944,1.4505378300535828e-07,4.939668831042112e-07,-6.158320790888901e-12,-3.145036498434215e-07,-1.4441402129641925e-10,1.4328338505921319e-10,-8.689682850455919e-17,-3.8420505016131993e-07,5.969532293909639e-08,2.3335780545639065e-06,1.786436962537225e-06,1.3874073126196748e-06,5.683439148654651e-07,3.1032019920609523e-06,-2.722284274917183e-09,8.001875159072919e-08,-1.6613424386392681e-09,1.1959679284141228e-09,1.8171890066707216e-09,1.3551631993747566e-06,4.0206494160737664e-07
112,2.24,750.7468702191275,1.4534781343550026e-07,4.795273047867931e-07,-6.2414083302382816e-12,-2.971545273733164e-07,-1.4470828753820122e-10,1.4356804086051029e-10,-7.998616950540883e-17,-3.868297447318867e-07,5.91165356179042e-08,2.3335780545639065e-06,1.786436962537225e-06,1.3874073126196748e-06,5.712479308298733e-07,3.112936933939861e-06,-2.722408272208398e-09,7.390216981856275e-08,-1.6642336617276345e-09,1.1988364426733196e-09,1.817189005001855e-09,1.3474528514258257e-06,4.032530601929465e-07
113,2.2600000000000033,751.2448222936467,1.4564231862079502e-07,4.6567314550237703e-07,-6.322703796644961e-12,-2.8046735507446326e-07,-1.4497674440270115e-10,1.438269617030568e-10,-7.6598181758176e-17,-3.894067890530504e-07,5.856615256743513e-08,2.3335780545639065e-06,1.786436962537225e-06,1.3874073126196748e-06,5.741578321504367e-07,3.122388938442754e-06,-2.7225339133296774e-09,6.812595099408405e-08,-1.6671305120469869e-09,1.2017103926989558e-09,1.8171890034361146e-09,1.339690486087975e-06,4.0442988707480004e-07
114,2.2800000000000056,751.737749426231,1.4592801902991418e-07,4.520766040517932e-07,-6.402068100143818e-12,-2.6409853516244734e-07,-1.452286138231782e-10,1.4406951985571606e-10,-7.388140694899892e-17,-3.919289581324584e-07,5.803043144914639e-08,2.3335780545639065e-06,1.786436962537225e-06,1.3874073126196748e-06,5.770735355269442e-07,3.131566435938297e-06,-2.722661161048841e-09,6.268029209171434e-08,-1.6700325656291714e-09,1.2045893575145439e-09,1.8171890019313605e-09,1.331877128616119e-06,4.0559585291496596e-07
115,2.3000000000000034,752.2257372898067,1.4620724416645938e-07,4.3885814222041686e-07,-6.4794876021617345e-12,-2.4817622643517044e-07,-1.4546144517716105e-10,1.4429320336782886e-10,-7.178281737845594e-17,-3.943954968195415e-07,5.751398466903055e-08,2.3335780545639065e-06,1.786436962537225e-06,1.3874073126196748e-06,5.799948881589076e-07,3.140475783401018e-06,-2.7227899766056612e-09,5.755754447573872e-08,-1.6729394662191184e-09,1.207472984746779e-09,1.8171890004746756e-09,1.3240138840665998e-06,4.067512970761476e-07
116,2.3200000000000047,752.7089805523036,1.4648376848916162e-07,4.2619677210656477e-07,-6.554890499969778e-12,-2.328900077076064e-07,-1.4567426159756714e-10,1.4449703312570504e-10,-7.085490930676034e-17,-3.9680650026872176e-07,5.702369957042955e-08,2.3335780545639065e-06,1.786436962537225e-06,1.3874073126196748e-06,5.829217982854639e-07,3.1491263325442884e-06,-2.7229203203865247e-09,5.2746882134310624e-08,-1.675850823286782e-09,1.2103608871117146e-09,1.8171889990482721e-09,1.3161018640957166e-06,4.0789667391854227e-07
117,2.3400000000000034,753.1871222050506,1.467553581225639e-07,4.140458785963272e-07,-6.6282348627155265e-12,-2.1819233913972196e-07,-1.4586674489660864e-10,1.4468072291239402e-10,-7.076896785212352e-17,-3.9915825115396385e-07,5.655716790241037e-08,2.3335780545639065e-06,1.786436962537225e-06,1.3874073126196748e-06,5.85854189551581e-07,3.1575287590513167e-06,-2.7230521516402527e-09,4.823605866583764e-08,-1.6787662333518293e-09,1.2132526646720954e-09,1.817188997632033e-09,1.3081422165814903e-06,4.090324825932706e-07
118,2.3600000000000056,753.6591341838547,1.4701249560320037e-07,4.0208611448485347e-07,-6.699606741192998e-12,-2.0374958499697573e-07,-1.4603767746415112e-10,1.4484297998809747e-10,-7.040141066790539e-17,-4.014420040804415e-07,5.610087336398019e-08,2.3335780545639065e-06,1.786436962537225e-06,1.3874073126196748e-06,5.88791868088839e-07,3.1656900789821294e-06,-2.723185430056124e-09,4.401663942447019e-08,-1.681685277575526e-09,1.2161479017011006e-09,1.8171889962202409e-09,1.3001362140291453e-06,4.1015906300593463e-07
119,2.3800000000000074,754.12571138666,1.4726384963572072e-07,3.9067597961310603e-07,-6.768997255527842e-12,-1.8993968956365543e-07,-1.461863800381804e-10,1.4498312766882247e-10,-7.050040457067929e-17,-4.0366127303000446e-07,5.566910566495791e-08,2.3335780545639065e-06,1.786436962537225e-06,1.3874073126196748e-06,5.917346315412285e-07,3.1736176999231096e-06,-2.7233201160959108e-09,4.0079746678863526e-08,-1.6846075181504706e-09,1.2190461627776701e-09,1.8171889948112016e-09,1.2920851812580401e-06,4.112767627962241e-07
120,2.4000000000000026,754.5868538134725,1.4751088707128673e-07,3.799082251438413e-07,-6.836103358898287e-12,-1.7686146794944956e-07,-1.4631283695559613e-10,1.4510107905342985e-10,-7.106323626099692e-17,-4.0581473660210456e-07,5.5265140268750224e-08,2.3335780545639065e-06,1.786436962537225e-06,1.3874073126196748e-06,5.946823789082978e-07,3.181323541970677e-06,-2.723456167102187e-09,3.6411735103733366e-08,-1.6875325103204147e-09,1.221947004844892e-09,1.8171889933955978e-09,1.283990421161721e-06,4.123861052555609e-07
121,2.4200000000000004,755.0411822570239,1.477412921008127e-07,3.693736496416599e-07,-6.900802029895172e-12,-1.6408752345699582e-07,-1.4641848945738148e-10,1.4519832623141497e-10,-7.157778159019082e-17,-4.0789086027584976e-07,5.487156302720647e-08,2.3335780545639065e-06,1.786436962537225e-06,1.3874073126196748e-06,5.976349007000185e-07,3.188816360718531e-06,-2.723593536156104e-09,3.300224518966929e-08,-1.6904598235844627e-09,1.22484999889774e-09,1.8171889919691943e-09,1.2758533651929423e-06,4.1348747228852035e-07
122,2.440000000000004,755.4889339414663,1.4795858598999346e-07,3.5923793766574075e-07,-6.962988183604652e-12,-1.517934307392448e-07,-1.4650457426973453e-10,1.4527625280672932e-10,-7.212462441375497e-17,-4.098896701530404e-07,5.449476861832334e-08,2.3335780545639065e-06,1.786436962537225e-06,1.3874073126196748e-06,6.005918994809271e-07,3.1961024765916066e-06,-2.723732174058176e-09,2.9843435647706316e-08,-1.6933890542217245e-09,1.227754744688122e-09,1.8171889905322029e-09,1.267675559888652e-06,4.1458113560497585e-07
123,2.460000000000002,755.9304171549136,1.4816717806566606e-07,3.497020318693467e-07,-7.022972691275617e-12,-1.4019152097126467e-07,-1.4657313054636634e-10,1.4533705939093848e-10,-7.281367554785761e-17,-4.1181190315097907e-07,5.414247330389193e-08,2.3335780545639065e-06,1.786436962537225e-06,1.3874073126196748e-06,6.035531571214834e-07,3.203191876286957e-06,-2.7238720336667843e-09,2.692358613060148e-08,-1.6963198312698857e-09,1.2306608778100984e-09,1.8171889890827178e-09,1.2594585441556126e-06,4.156675080241979e-07
124,2.480000000000002,756.3651756099925,1.483640850732864e-07,3.4070088197090653e-07,-7.081163039635465e-12,-1.2921531151992163e-07,-1.466206678382619e-10,1.4537685066718703e-10,-7.357680678580594e-17,-4.1365268123241413e-07,5.3811350761930796e-08,2.3335780545639065e-06,1.786436962537225e-06,1.3874073126196748e-06,6.06518469752873e-07,3.2100959054253595e-06,-2.724013075023997e-09,2.4229517805689614e-08,-1.699251769253781e-09,1.2335680169106797e-09,1.817188987618833e-09,1.2512038983117786e-06,4.1674704626485614e-07
125,2.499999999999999,756.7918953534685,1.4853784720439707e-07,3.318621770921779e-07,-7.1379340718762804e-12,-1.1847668672886327e-07,-1.4664792750063497e-10,1.453964035411586e-10,-7.424137916568965e-17,-4.1540043232153477e-07,5.348548428609561e-08,2.3335780545639065e-06,1.786436962537225e-06,1.3874073126196748e-06,6.094874890756493e-07,3.216821536015989e-06,-2.724155265995078e-09,2.175259782320215e-08,-1.702184455207156e-09,1.2364757494527627e-09,1.8171889861405488e-09,1.2429133671762403e-06,4.1782001461533626e-07
126,2.5200000000000067,757.2114645238565,1.486981055225683e-07,3.2357344537697125e-07,-7.192339500640807e-12,-1.0838345751647415e-07,-1.466543660399989e-10,1.4539540685182411e-10,-7.491195397159947e-17,-4.1705997368031353e-07,5.3180331670849294e-08,2.3335780545639065e-06,1.786436962537225e-06,1.3874073126196748e-06,6.124598486029202e-07,3.223375892240683e-06,-2.724298568730784e-09,1.9483996380747917e-08,-1.7051174781426362e-09,1.2393836675566937e-09,1.8171889846489238e-09,1.2345887631162186e-06,4.188866727749061e-07
127,2.540000000000006,757.6238831211575,1.4884610763476773e-07,3.1592224821303756e-07,-7.244513548842214e-12,-9.902904304594879e-08,-1.466421523654172e-10,1.4537588407747058e-10,-7.557852670515059e-17,-4.1862965452640943e-07,5.2898852581968686e-08,2.3335780545639065e-06,1.786436962537225e-06,1.3874073126196748e-06,6.154352907344934e-07,3.2297708491765827e-06,-2.7244429372613655e-09,1.7409871375123778e-08,-1.7080504433267748e-09,1.2422913804659864e-09,1.817188983143958e-09,1.2262318668341517e-06,4.1994746461743425e-07
128,2.5600000000000014,758.0277074408738,1.4896928555673627e-07,3.084964558837065e-07,-7.295146215023616e-12,-8.998344451171323e-08,-1.4661051093244748e-10,1.4533706229470484e-10,-7.620255693504883e-17,-4.2009710344546964e-07,5.262337518779414e-08,2.3335780545639065e-06,1.786436962537225e-06,1.3874073126196748e-06,6.184134446664078e-07,3.236015036217549e-06,-2.7245883338591286e-09,1.5519746499547575e-08,-1.7109829699598168e-09,1.2451985099297076e-09,1.817188981626075e-09,1.2178445992544348e-06,4.2100268689513163e-07
129,2.5800000000000023,758.4231858006971,1.4907090246524165e-07,3.014532221232597e-07,-7.343719724059185e-12,-8.14132162108181e-08,-1.4655982024808985e-10,1.4527938324125245e-10,-7.678592885094048e-17,-4.214621426296336e-07,5.235985848546639e-08,2.3335780545639065e-06,1.786436962537225e-06,1.3874073126196748e-06,6.213938465466276e-07,3.242114532997619e-06,-2.7247347225183968e-09,1.3805779892322185e-08,-1.7139146732715401e-09,1.2481046743850674e-09,1.8171889800961217e-09,1.2094290067936834e-06,4.220525192318643e-07
130,2.6000000000000068,758.8106409055281,1.4915509628218145e-07,2.9498369176356887e-07,-7.389846173303532e-12,-7.35202986269627e-08,-1.4648890578249056e-10,1.4520167314841347e-10,-7.733672642371054e-17,-4.2272535506162674e-07,5.2115542798983224e-08,2.3335780545639065e-06,1.786436962537225e-06,1.3874073126196748e-06,6.243761065341025e-07,3.2480789021364886e-06,-2.7248820581774406e-09,1.2256444743944031e-08,-1.7168451605319423e-09,1.2510094849489647e-09,1.8171889785549453e-09,1.200987131816769e-06,4.23097273244709e-07
131,2.620000000000008,759.1896621218153,1.4921891358983138e-07,2.8901884116510605e-07,-7.434025095443402e-12,-6.623381788489906e-08,-1.4640177544723927e-10,1.451079478930899e-10,-7.786159249482343e-17,-4.238821256468556e-07,5.18869167073294e-08,2.3335780545639065e-06,1.786436962537225e-06,1.3874073126196748e-06,6.273598466328228e-07,3.253918927465776e-06,-2.725030296890073e-09,1.085890357882532e-08,-1.7197740673442732e-09,1.2539125811593798e-09,1.8171889770029691e-09,1.1925210570096836e-06,4.241372978397722e-07
132,2.640000000000001,759.5590669638777,1.4925150023137677e-07,2.83191608762459e-07,-7.476459787656308e-12,-5.9170514901457016e-08,-1.463037148075029e-10,1.4500350405911847e-10,-7.837899859135252e-17,-4.2492218726763363e-07,5.165836992417e-08,2.3335780545639065e-06,1.786436962537225e-06,1.3874073126196748e-06,6.303445507710338e-07,3.2596410319650496e-06,-2.725179401738787e-09,9.604860250962205e-09,-1.7227011222467552e-09,1.256813695678901e-09,1.8171889754406169e-09,1.1840330138805416e-06,4.2517275070608683e-07
133,2.66,759.9196547075572,1.4926156054192628e-07,2.7786368464949666e-07,-7.516463680276498e-12,-5.27113361880689e-08,-1.461842377237903e-10,1.448778573522677e-10,-7.886928851117778e-17,-4.258492485229532e-07,5.144416244251953e-08,2.3335780545639065e-06,1.786436962537225e-06,1.3874073126196748e-06,6.333296813787667e-07,3.2652515848991687e-06,-2.7253293309733284e-09,8.486041740066993e-09,-1.725626001772117e-09,1.2597125092930147e-09,1.8171889738681002e-09,1.175525299522636e-06,4.262037760297537e-07
134,2.6800000000000015,760.2714253528526,1.492500000878812e-07,2.7310709793582587e-07,-7.554048898931952e-12,-4.693326960509269e-08,-1.4604314931867714e-10,1.4473081617406277e-10,-7.933540928331057e-17,-4.266615586525554e-07,5.124659669532012e-08,2.3335780545639065e-06,1.786436962537225e-06,1.3874073126196748e-06,6.36314796985065e-07,3.2707612927250224e-06,-2.725480036098943e-09,7.48959568213531e-09,-1.7285482756424444e-09,1.2626085960282782e-09,1.8171889722860544e-09,1.1670001914508805e-06,4.2723068362113216e-07
135,2.6999999999999993,760.613336437744,1.4920618781595918e-07,2.685311453165152e-07,-7.589349846615921e-12,-4.142659831463401e-08,-1.458662967845833e-10,1.4454818155733102e-10,-7.981509738045309e-17,-4.2735113585796466e-07,5.1049308585013815e-08,2.3335780545639065e-06,1.786436962537225e-06,1.3874073126196748e-06,6.392993588641031e-07,3.2761776751575453e-06,-2.7256314700862447e-09,6.605997002938141e-09,-1.7314673701034535e-09,1.2655013860055918e-09,1.8171889706944795e-09,1.1584600645057763e-06,4.282536426739354e-07
136,2.7200000000000064,760.9455672660711,1.4913265191144948e-07,2.6426706204665236e-07,-7.622415040582563e-12,-3.633073050896134e-08,-1.4568031487909462e-10,1.4435660188238574e-10,-8.028703065397964e-17,-4.279171884775867e-07,5.085715123677162e-08,2.3335780545639065e-06,1.786436962537225e-06,1.3874073126196748e-06,6.422827472613782e-07,3.281505657231179e-06,-2.7257835877350138e-09,5.828423714701911e-09,-1.734382836220059e-09,1.26839043383999e-09,1.8171889690933755e-09,1.1499073812624178e-06,4.292727072721536e-07
137,2.7400000000000015,761.2683508547722,1.4903265785254227e-07,2.6047674000004753e-07,-7.653620377138066e-12,-3.1817090083206775e-08,-1.4547914511796988e-10,1.4415003784398926e-10,-8.074029434675073e-17,-4.28359448327594e-07,5.06761233666022e-08,2.3335780545639065e-06,1.786436962537225e-06,1.3874073126196748e-06,6.452644003590175e-07,3.286753095251645e-06,-2.72593634808909e-09,5.146945508780395e-09,-1.7372944308201132e-09,1.271275500237253e-09,1.8171889674831659e-09,1.1413446148943681e-06,4.302880400181871e-07
138,2.7600000000000016,761.5814917322783,1.4890406888161487e-07,2.570886641736506e-07,-7.682755701922187e-12,-2.7810744436352352e-08,-1.452573896191087e-10,1.4392312002361406e-10,-8.118896981774353e-17,-4.286758882495482e-07,5.050291673712164e-08,2.3335780545639065e-06,1.786436962537225e-06,1.3874073126196748e-06,6.482437676263591e-07,3.291928749293382e-06,-2.7260897118499557e-09,4.550667163584803e-09,-1.7402017961675093e-09,1.274156231815929e-09,1.8171889658638506e-09,1.1327742615285967e-06,4.312998304192243e-07
139,2.7800000000000087,761.884427006609,1.4873915580347764e-07,2.5377111877108105e-07,-7.71009519039183e-12,-2.3961766934470174e-08,-1.450163066865064e-10,1.4367718495141455e-10,-8.16576854304122e-17,-4.288635758618098e-07,5.032411752030464e-08,2.3335780545639065e-06,1.786436962537225e-06,1.3874073126196748e-06,6.51220199873211e-07,3.2970373471228312e-06,-2.7262436403590278e-09,4.032942049876394e-09,-1.7431045331305817e-09,1.2770322348656804e-09,1.8171889642354298e-09,1.1241988668874801e-06,4.3230810076179896e-07
140,2.8000000000000065,762.1775371525306,1.485439440833327e-07,2.508213058423061e-07,-7.73491631547678e-12,-2.0585224388504152e-08,-1.447644569525321e-10,1.434207457359473e-10,-8.212052951605302e-17,-4.289219949412604e-07,5.015104811377921e-08,2.3335780545639065e-06,1.786436962537225e-06,1.3874073126196748e-06,6.541930308720788e-07,3.3020832713689647e-06,-2.7263980904739534e-09,3.5874721366466994e-09,-1.7460023407669946e-09,1.2799032141725537e-09,1.8171889625976916e-09,1.1156210111794503e-06,4.333128524181397e-07
141,2.820000000000002,762.4608221700427,1.4831897313196787e-07,2.4828441915126435e-07,-7.757415480306155e-12,-1.772950800186343e-08,-1.4450350538083697e-10,1.4315547015148113e-10,-8.259290593079925e-17,-4.2884986020715027e-07,4.998508145908383e-08,2.3335780545639065e-06,1.786436962537225e-06,1.3874073126196748e-06,6.571616600442312e-07,3.307074328618899e-06,-2.7265530137918818e-09,3.2043248127431084e-09,-1.7488950203903471e-09,1.2827689763314274e-09,1.817188960950636e-09,1.107043292627968e-06,4.343142137138681e-07
142,2.8399999999999967,762.7341390632087,1.4805882025374103e-07,2.4586114668589587e-07,-7.777657696503502e-12,-1.507587665811801e-08,-1.4422476843133435e-10,1.428726576359571e-10,-8.307744641826063e-17,-4.28649545927209e-07,4.9814585497258834e-08,2.3335780545639065e-06,1.786436962537225e-06,1.3874073126196748e-06,6.601254379780875e-07,3.3120157842772693e-06,-2.7267083645234824e-09,2.8762709661433813e-09,-1.7517823031284532e-09,1.285629257609301e-09,1.8171889592938396e-09,1.0984682985666269e-06,4.3531221038343124e-07
143,2.8600000000000048,762.9975124273849,1.4776482559279572e-07,2.436381616152959e-07,-7.795642770742016e-12,-1.2717095416309435e-08,-1.4392758181461967e-10,1.425716495830327e-10,-8.356215807700875e-17,-4.2831937749498104e-07,4.964263736176273e-08,2.3335780545639065e-06,1.786436962537225e-06,1.3874073126196748e-06,6.63083674436554e-07,3.3169107773602833e-06,-2.726864097528252e-09,2.5983412453989955e-09,-1.754663826630994e-09,1.288483700681492e-09,1.817188957627514e-09,1.0898986093324014e-06,4.3630678261202185e-07
144,2.880000000000003,763.2509742258222,1.4743872377393334e-07,2.4172344818876244e-07,-7.811068005449814e-12,-1.0768423219836847e-08,-1.4361081096963093e-10,1.4225131806052028e-10,-8.405998705044568e-17,-4.2785765712413394e-07,4.947307902624961e-08,2.3335780545639065e-06,1.786436962537225e-06,1.3874073126196748e-06,6.66035709930221e-07,3.3217643934583236e-06,-2.72702016463585e-09,2.3634860590375533e-09,-1.7575392105587887e-09,1.2913319303579273e-09,1.8171889559512358e-09,1.081336838986211e-06,4.372979397759019e-07
145,2.8999999999999986,763.4947506395181,1.470787452907741e-07,2.3994847536443963e-07,-7.824539960806542e-12,-9.047891958263346e-09,-1.4327509801906548e-10,1.4191229631886754e-10,-8.45837660601224e-17,-4.272698488105195e-07,4.9299707539814316e-08,2.3335780545639065e-06,1.786436962537225e-06,1.3874073126196748e-06,6.689808846208674e-07,3.3265811126938544e-06,-2.7271765207155144e-09,2.165322907256595e-09,-1.7604080696486422e-09,1.2941735665017205e-09,1.8171889542647932e-09,1.0727855639268664e-06,4.3828566764156234e-07
146,2.9200000000000004,763.7289076612759,1.4668453837250086e-07,2.3827467549403736e-07,-7.836197939856284e-12,-7.513894270999944e-09,-1.429208243022206e-10,1.415549643504788e-10,-8.512997266982146e-17,-4.265571671789556e-07,4.912104972643871e-08,2.3335780545639065e-06,1.786436962537225e-06,1.3874073126196748e-06,6.719185174575004e-07,3.3313633442024396e-06,-2.7273331280946077e-09,1.9997050449639474e-09,-1.7632700288718466e-09,1.2970082391084141e-09,1.817188952567551e-09,1.0642472937669708e-06,4.3926987521422497e-07
147,2.9400000000000057,763.9533451634325,1.4625740408274307e-07,2.3681051238521642e-07,-7.846229118046049e-12,-6.283189896086619e-09,-1.4254755840802632e-10,1.411788973219937e-10,-8.569484650648371e-17,-4.257163986811029e-07,4.8940887085128825e-08,2.3335780545639065e-06,1.786436962537225e-06,1.3874073126196748e-06,6.748479368820536e-07,3.3361141960812334e-06,-2.727489952365381e-09,1.861734203293045e-09,-1.7661247126988858e-09,1.2998355777251397e-09,1.8171889508592972e-09,1.055724558108368e-06,4.402504945823409e-07
148,2.960000000000005,764.1686694549675,1.4579747223039355e-07,2.3540332198214262e-07,-7.854366780472267e-12,-5.187532546254782e-09,-1.4215597187544348e-10,1.4078475408482902e-10,-8.626659420707153e-17,-4.2475819805990146e-07,4.8754162064457884e-08,2.3335780545639065e-06,1.786436962537225e-06,1.3874073126196748e-06,6.777684856451849e-07,3.3408363344249066e-06,-2.727646958324298e-09,1.7470269788696359e-09,-1.768971748001794e-09,1.3026552142392077e-09,1.8171889491396086e-09,1.0472198121409583e-06,4.4122744507383675e-07
149,2.9800000000000026,764.3748155633074,1.4530504151976417e-07,2.3408363456808418e-07,-7.860601495784703e-12,-4.2600730741310785e-09,-1.4174584853258498e-10,1.4037232137692466e-10,-8.684576620702865e-17,-4.236812493193528e-07,4.8561880521131664e-08,2.3335780545639065e-06,1.786436962537225e-06,1.3874073126196748e-06,6.806795107826862e-07,3.3455312039904083e-06,-2.727804108006918e-09,1.6525509226657876e-09,-1.7718107662058307e-09,1.305466784993825e-09,1.817188947408485e-09,1.0387354176671667e-06,4.4220060549969253e-07
150,3.0000000000000058,764.5718536616985,1.447808196263163e-07,2.3287138594076131e-07,-7.86475957825864e-12,-3.5213867584444455e-09,-1.4131436921252698e-10,1.3993877796775235e-10,-8.742229139911509e-17,-4.224863838543988e-07,4.83648054840113e-08,2.3335780545639065e-06,1.786436962537225e-06,1.3874073126196748e-06,6.835803693941475e-07,3.3502007541954974e-06,-2.7279613616175165e-09,1.5747363243400202e-09,-1.7746413683832537e-09,1.3082698959872722e-09,1.8171889456657147e-09,1.0302737413354278e-06,4.4316987235974413e-07
151,3.020000000000001,764.7605479599068,1.442265066885878e-07,2.3166833734195992e-07,-7.8672849608301e-12,-2.859939825465225e-09,-1.408506882670829e-10,1.3947325442827112e-10,-8.799957517073805e-17,-4.211858209608439e-07,4.8160161562560007e-08,2.3335780545639065e-06,1.786436962537225e-06,1.3874073126196748e-06,6.864704426572958e-07,3.3548461514283237e-06,-2.728118682062826e-09,1.510923058500939e-09,-1.7774630189580949e-09,1.3110640163112318e-09,1.8171889439115095e-09,1.0218370192872774e-06,4.4413512203020963e-07
152,3.0400000000000094,764.9405125716903,1.436416962477603e-07,2.3053700015079682e-07,-7.867997444572128e-12,-2.3455513754891657e-09,-1.4037714244418906e-10,1.3899810091224554e-10,-8.858451235559098e-17,-4.1977371389235257e-07,4.794981599684524e-08,2.3335780545639065e-06,1.786436962537225e-06,1.3874073126196748e-06,6.893491246866605e-07,3.3594682048032533e-06,-2.728276034886817e-09,1.458868146491373e-09,-1.7802752972652054e-09,1.3138487298646382e-09,1.8171889421456575e-09,1.0134274239387418e-06,4.450962218058041e-07
153,3.060000000000002,765.112787409819,1.430295806996691e-07,2.2940259530563545e-07,-7.867855685786803e-12,-1.889318301533707e-09,-1.3988537102043327e-10,1.3850494566214613e-10,-8.917128458721075e-17,-4.182657964654795e-07,4.7732187131924134e-08,2.3335780545639065e-06,1.786436962537225e-06,1.3874073126196748e-06,6.922158374561337e-07,3.3640676007578157e-06,-2.728433393418116e-09,1.4165194497211601e-09,-1.7830779223998725e-09,1.316623760330381e-09,1.817188940368159e-09,1.0050470288351667e-06,4.460530418370914e-07
154,3.0800000000000005,765.2770598875192,1.4238959129177253e-07,2.2829464304407663e-07,-7.867102325624847e-12,-1.5251092060939997e-09,-1.3941667761730148e-10,1.3803509653743714e-10,-8.975043806488832e-17,-4.166579225956233e-07,4.750804623902435e-08,2.3335780545639065e-06,1.786436962537225e-06,1.3874073126196748e-06,6.950700291760479e-07,3.3686445731413127e-06,-2.7285907429983944e-09,1.3823751746448852e-09,-1.7858709428862844e-09,1.3193891607523767e-09,1.8171889385790136e-09,9.966977916445561e-07,4.470054441708008e-07
155,3.100000000000003,765.4338918730941,1.4172387384236804e-07,2.2719302080872314e-07,-7.865524310875274e-12,-1.2263577670889946e-09,-1.3898749572217674e-10,1.3760497282779497e-10,-9.031655463345266e-17,-4.149585947985618e-07,4.727730605208057e-08,2.3335780545639065e-06,1.786436962537225e-06,1.3874073126196748e-06,6.979111638273897e-07,3.3731994497798414e-06,-2.728748069264938e-09,1.3548605049130516e-09,-1.788654984619744e-09,1.3221455614460295e-09,1.8171889367784333e-09,9.883816264706132e-07,4.47953297693712e-07
156,3.119999999999994,765.5835368302085,1.4103354811184768e-07,2.2608914910091515e-07,-7.862330208749582e-12,-9.813934280157792e-10,-1.3854474394783796e-10,1.3716148717513575e-10,-9.086637151953943e-17,-4.13172038608098e-07,4.7039980501198835e-08,2.3335780545639065e-06,1.786436962537225e-06,1.3874073126196748e-06,7.007387380469305e-07,3.377732271478936e-06,-2.7289053478100687e-09,1.3327829929620141e-09,-1.7914303070163734e-09,1.3248932260460575e-09,1.8171889349666298e-09,9.801003201365504e-07,4.4889647055924435e-07
157,3.1400000000000055,765.7263055579475,1.4032004943636474e-07,2.2498072575949133e-07,-7.857186675324928e-12,-7.847439547108669e-10,-1.3809671856499732e-10,1.3671281990416972e-10,-9.140262013527404e-17,-4.1130316273612496e-07,4.679637267171765e-08,2.3335780545639065e-06,1.786436962537225e-06,1.3874073126196748e-06,7.035522740224143e-07,3.3822429702275425e-06,-2.729062542978782e-09,1.3151216191347375e-09,-1.7941967216414114e-09,1.3276319691168521e-09,1.8171889331440267e-09,9.718555681231035e-07,4.4983483409097405e-07
158,3.1600000000000033,765.8626026143272,1.3958507211131706e-07,2.238578716568139e-07,-7.850123856186588e-12,-6.220423828501585e-10,-1.376282751902159e-10,1.3624372738756852e-10,-9.19285532139373e-17,-4.0935828575894277e-07,4.654661913724898e-08,2.3335780545639065e-06,1.786436962537225e-06,1.3874073126196748e-06,7.063513252378909e-07,3.386731356201705e-06,-2.729219616084118e-09,1.3010537557591287e-09,-1.7969539715789656e-09,1.3303615345897691e-09,1.8171889313106238e-09,9.636489536381538e-07,4.5076826400906363e-07
159,3.1800000000000006,765.9925773998099,1.388294954266535e-07,2.2272280363604607e-07,-7.841287300246738e-12,-4.939547358363658e-10,-1.3714771130363731e-10,1.3576271650760204e-10,-9.244182786718748e-17,-4.0734014027613997e-07,4.629102232381457e-08,2.3335780545639065e-06,1.786436962537225e-06,1.3874073126196748e-06,7.091354709132702e-07,3.391197162954633e-06,-2.7293765301958644e-09,1.2898937845722649e-09,-1.7997017314438702e-09,1.3330815990287204e-09,1.8171889294668449e-09,9.55481969377804e-07,4.5169664042367417e-07
160,3.200000000000003,766.116659888588,1.3805515372091504e-07,2.2156925242966083e-07,-7.830998025781866e-12,-3.8974402341996326e-10,-1.3666334978507943e-10,1.3527827604833773e-10,-9.294056459123441e-17,-4.0525532241970037e-07,4.602987645724709e-08,2.3335780545639065e-06,1.786436962537225e-06,1.3874073126196748e-06,7.119043174047462e-07,3.3956400835152908e-06,-2.7295332530492652e-09,1.2810567969797007e-09,-1.8024398420547058e-09,1.3357920089542802e-09,1.8171889276131133e-09,9.473560147508447e-07,4.5261984941148487e-07
161,3.2200000000000006,766.2351164384578,1.3726333306141952e-07,2.2039738527166552e-07,-7.819444475024349e-12,-3.069115681954105e-10,-1.361654804404016e-10,1.3478044580923603e-10,-9.341965797855296e-17,-4.031081347352803e-07,4.576353254291625e-08,2.3335780545639065e-06,1.786436962537225e-06,1.3874073126196748e-06,7.146575022725693e-07,3.4000597498923037e-06,-2.7296897574744684e-09,1.2740902410635478e-09,-1.805168130356924e-09,1.3384925961728555e-09,1.817188925749429e-09,9.392723801792957e-07,4.535377835014864e-07
162,3.2400000000000126,766.3482163410443,1.3645530301633154e-07,2.1920534597076664e-07,-7.806394416593393e-12,-2.4076357101169145e-10,-1.3565292389056961e-10,1.3426795414730793e-10,-9.388582767080317e-17,-4.0090296849464465e-07,4.549227453660274e-08,2.3335780545639065e-06,1.786436962537225e-06,1.3874073126196748e-06,7.173946886333485e-07,3.4044557772047306e-06,-2.729846015863282e-09,1.2686134896714735e-09,-1.8078863144001496e-09,1.3411830801724227e-09,1.8171889238764274e-09,9.312322691469917e-07,4.5445034157228216e-07
163,3.2600000000000064,766.456360793878,1.3563282356675962e-07,2.179928555322493e-07,-7.792811869442256e-12,-1.872474582524466e-10,-1.3513631677208522e-10,1.337516880392997e-10,-9.43482851370083e-17,-3.9864582371711564e-07,4.5216569611309646e-08,2.3335780545639065e-06,1.786436962537225e-06,1.3874073126196748e-06,7.201155698991786e-07,3.408827759219759e-06,-2.730002007926302e-09,1.2643333793788333e-09,-1.8105942068067189e-09,1.343863276594288e-09,1.8171889219941085e-09,9.232367812248766e-07,4.55357430013761e-07
164,3.2800000000000082,766.5596155422545,1.3479641990185223e-07,2.1676041528662813e-07,-7.77882394751174e-12,-1.4585431481808818e-10,-1.346165977267648e-10,1.3323261008084197e-10,-9.480921171754145e-17,-3.963383936574714e-07,4.493657569021139e-08,2.3335780545639065e-06,1.786436962537225e-06,1.3874073126196748e-06,7.22819862333865e-07,3.4131752919279483e-06,-2.730157724284333e-09,1.2610023616481277e-09,-1.8132917359517375e-09,1.3465331195754896e-09,1.8171889201024721e-09,9.1528693905113e-07,4.562589614667763e-07
165,3.2999999999999985,766.6585341815243,1.3394837943510177e-07,2.1550806280042354e-07,-7.763388133419155e-12,-1.1169735256601089e-10,-1.3408809149238703e-10,1.3270490280999114e-10,-9.526101968949468e-17,-3.9398851191076047e-07,4.465291369987881e-08,2.3335780545639065e-06,1.786436962537225e-06,1.3874073126196748e-06,7.255073103272332e-07,3.417497976708817e-06,-2.730313146405141e-09,1.258426844974288e-09,-1.815978782844017e-09,1.3491924947043967e-09,1.8171889182017302e-09,9.073836699954515e-07,4.5715485636067677e-07
166,3.319999999999999,766.7530274966035,1.3308865090784839e-07,2.1423674574379248e-07,-7.746393998833926e-12,-8.599883384491967e-11,-1.3354843593181221e-10,1.3216622197131076e-10,-9.570958403445171e-17,-3.91595869045309e-07,4.4365599931182524e-08,2.3335780545639065e-06,1.786436962537225e-06,1.3874073126196748e-06,7.281776806306627e-07,3.421795424794259e-06,-2.730468244226256e-09,1.2564498831101787e-09,-1.8186551481182598e-09,1.3518412059522098e-09,1.8171889162920944e-09,8.995278261858905e-07,4.580450414969874e-07
167,3.340000000000006,766.843643016424,1.3221946519977674e-07,2.1294738502910498e-07,-7.728764779223876e-12,-6.493455999474622e-11,-1.329858430687953e-10,1.3160473858541666e-10,-9.615380907319381e-17,-3.8916807372247043e-07,4.407526801900008e-08,2.3335780545639065e-06,1.786436962537225e-06,1.3874073126196748e-06,7.3083076179174e-07,3.4260672661019893e-06,-2.7306229958141836e-09,1.2549405491717815e-09,-1.8213204909082906e-09,1.3544789155577781e-09,1.8171889143735648e-09,8.917201867582099e-07,4.5892945017648954e-07
168,3.360000000000011,766.9303684095543,1.3134102907607035e-07,2.1164085848422388e-07,-7.710403695663159e-12,-4.9067186142006745e-11,-1.3243045803819868e-10,1.310505920108083e-10,-9.659134994718989e-17,-3.867057320546889e-07,4.3782002046851664e-08,2.3335780545639065e-06,1.786436962537225e-06,1.3874073126196748e-06,7.33466366734499e-07,3.4303131485371238e-06,-2.7307773874990824e-09,1.2538005317104137e-09,-1.823974653919456e-09,1.357105468863741e-09,1.8171889124461413e-09,8.839614487004365e-07,4.5980802287714826e-07
169,3.3800000000000043,767.0135824817423,1.3045493218614222e-07,2.1031847317817125e-07,-7.692979956381089e-12,-3.638063690715975e-11,-1.3186879403178555e-10,1.3049027656829594e-10,-9.70360382018436e-17,-3.8421422720486233e-07,4.348627407191103e-08,2.3335780545639065e-06,1.786436962537225e-06,1.3874073126196748e-06,7.360843263471203e-07,3.4345327418537465e-06,-2.730931421335431e-09,1.2529460534799222e-09,-1.8266176464401076e-09,1.3597208775495311e-09,1.817188910509824e-09,8.762522491078435e-07,4.606807056383356e-07
170,3.400000000000003,767.093458094269,1.2956201107566635e-07,2.0898150928212294e-07,-7.674300359954768e-12,-2.64781045588007e-11,-1.3129827967751014e-10,1.299212182679875e-10,-9.748539933740343e-17,-3.816963419736704e-07,4.318835117969558e-08,2.3335780545639065e-06,1.786436962537225e-06,1.3874073126196748e-06,7.386844957797382e-07,3.438725741678349e-06,-2.731085094138385e-09,1.2523174660652627e-09,-1.8292493171772436e-09,1.3623249924978938e-09,1.8171889085646128e-09,8.685931434160586e-07,4.615474518908516e-07
171,3.4200000000000004,767.1701244993407,1.2866294219333195e-07,2.076308840666335e-07,-7.654431555801685e-12,-1.891240754409659e-11,-1.3071836376586826e-10,1.2934285912172166e-10,-9.793486551154227e-17,-3.7915432965678346e-07,4.28884458384976e-08,2.3335780545639065e-06,1.786436962537225e-06,1.3874073126196748e-06,7.412667453124279e-07,3.442891865611836e-06,-2.7312383814574922e-09,1.2518635609442337e-09,-1.8318694836117811e-09,1.3649176332717906e-09,1.8171889066105078e-09,8.60984636699755e-07,4.624082198610334e-07
172,3.4400000000000093,767.2439314271213,1.2775914203859245e-07,2.0626859428222658e-07,-7.634573987712073e-12,-1.277120413595195e-11,-1.3012731382233777e-10,1.2875340756637726e-10,-9.838170310806172e-17,-3.765929607418143e-07,4.2587004203756784e-08,2.3335780545639065e-06,1.786436962537225e-06,1.3874073126196748e-06,7.438309661547482e-07,3.4470308603953267e-06,-2.731391271513065e-09,1.251546724827433e-09,-1.83447794038757e-09,1.3674985959386727e-09,1.8171889046472972e-09,8.534271637957657e-07,4.6326297436145635e-07
173,3.46,767.3148806823327,1.268508168583807e-07,2.0489513346061913e-07,-7.614530605388857e-12,-8.169309608206575e-12,-1.2954361828407448e-10,1.2817139120655454e-10,-9.882330190641389e-17,-3.7401289222168436e-07,4.228409806879838e-08,2.3335780545639065e-06,1.786436962537225e-06,1.3874073126196748e-06,7.463770657437167e-07,3.451142497672753e-06,-2.7315437625589445e-09,1.2513373196899915e-09,-1.8370746497087298e-09,1.3700678439264009e-09,1.8171889026751927e-09,8.459211052661342e-07,4.641116853841815e-07
174,3.480000000000002,767.3832478711842,1.2593909275691385e-07,2.0351223184457946e-07,-7.595221746560382e-12,-4.53150096836625e-12,-1.289601822942292e-10,1.2758977255242967e-10,-9.926776235737968e-17,-3.714179138224834e-07,4.198008645271412e-08,2.3335780545639065e-06,1.786436962537225e-06,1.3874073126196748e-06,7.4890496483987e-07,3.4552265713258056e-06,-2.7316958600826343e-09,1.2512103115842258e-09,-1.8396596877144167e-09,1.372625455563991e-09,1.8171889006941944e-09,8.384667972056916e-07,4.649543272293967e-07
175,3.5000000000000155,767.4491579319366,1.2502456485713993e-07,2.0212096063481422e-07,-7.576044253995537e-12,-1.7319536835454807e-12,-1.283697332963166e-10,1.270012363261921e-10,-9.971430690443319e-17,-3.688100129618979e-07,4.1675164064565325e-08,2.3335780545639065e-06,1.786436962537225e-06,1.3874073126196748e-06,7.514146014160121e-07,3.4592829032506023e-06,-2.731847572742505e-09,1.2511476770377068e-09,-1.8422329868702704e-09,1.3751713656527788e-09,1.8171888987043023e-09,8.310645179378428e-07,4.6579087973457006e-07
176,3.5200000000000053,767.5127152254365,1.241077548301757e-07,2.007222199220956e-07,-7.555944567322354e-12,3.799875367740077e-13,-1.2777221558049778e-10,1.264057161436048e-10,-1.001566446892722e-16,-3.661909326387739e-07,4.136950044312631e-08,2.3335780545639065e-06,1.786436962537225e-06,1.3874073126196748e-06,7.53905924612884e-07,3.4633113350561694e-06,-2.7319988926306567e-09,1.251134157376239e-09,-1.8447944063589691e-09,1.3777054351774756e-09,1.8171888967055163e-09,8.237145084818398e-07,4.6662132637964654e-07
177,3.540000000000007,767.5741815005962,1.2318967221073484e-07,1.993177993712631e-07,-7.533787728129722e-12,2.0781734794274222e-12,-1.2717748752430341e-10,1.2581305735191366e-10,-1.0060120924276267e-16,-3.635640757491527e-07,4.1063424312177544e-08,2.3335780545639065e-06,1.786436962537225e-06,1.3874073126196748e-06,7.563788988832933e-07,3.4673117352491032e-06,-2.732149789953553e-09,1.251158738986401e-09,-1.8473439033901025e-09,1.380227622912431e-09,1.8171888946978365e-09,8.164169583979599e-07,4.6744565562719966e-07
178,3.5600000000000063,767.6335524555778,1.2227045832286277e-07,1.9790800455744902e-07,-7.510686326088471e-12,3.3267731024103935e-12,-1.2657649381920597e-10,1.2521420829915863e-10,-1.0104095729888898e-16,-3.6092990035443696e-07,4.075698377390995e-08,2.3335780545639065e-06,1.786436962537225e-06,1.3874073126196748e-06,7.588335001886292e-07,3.47128399328839e-06,-2.73230023469404e-09,1.2512127884522194e-09,-1.849881443203556e-09,1.3827378955689416e-09,1.8171888926814745e-09,8.091720186369244e-07,4.682638597080605e-07
179,3.5800000000000076,767.6910392125254,1.2135092761197605e-07,1.9649432549943088e-07,-7.48900938664099e-12,4.305133729103377e-12,-1.2595628354897023e-10,1.2459621565004245e-10,-1.0147996875145033e-16,-3.58291154377079e-07,4.045044531070792e-08,2.3335780545639065e-06,1.786436962537225e-06,1.3874073126196748e-06,7.612697140479777e-07,3.475228016588959e-06,-2.732450231650983e-09,1.2512891075205345e-09,-1.8524067709773024e-09,1.3852359998084337e-09,1.8171888906562187e-09,8.019798080896087e-07,4.690759339989068e-07
180,3.6000000000000107,767.7467257753252,1.2043147578130936e-07,1.9507753270114229e-07,-7.468101729010238e-12,5.044538649513964e-12,-1.2535225782679503e-10,1.2399447019327058e-10,-1.0191888761269982e-16,-3.556491669349817e-07,4.014393990516108e-08,2.3335780545639065e-06,1.786436962537225e-06,1.3874073126196748e-06,7.636875380819109e-07,3.4791437351709653e-06,-2.7325998027621118e-09,1.2513826042443207e-09,-1.8549198563911622e-09,1.3877219066668671e-09,1.8171888886222809e-09,7.94840404876487e-07,4.698818778510656e-07
181,3.6200000000000023,767.8006945563145,1.1951249040806675e-07,1.9365836436972535e-07,-7.446633076399961e-12,5.592616138396786e-12,-1.247640678666869e-10,1.2340861719925557e-10,-1.0235917436596788e-16,-3.5300524056794046e-07,3.983759536011264e-08,2.3335780545639065e-06,1.786436962537225e-06,1.3874073126196748e-06,7.660869777438037e-07,3.4830310941416725e-06,-2.7327489501102803e-09,1.2514889757921996e-09,-1.8574210196481533e-09,1.3901959375407913e-09,1.8171888865794492e-09,7.877538608014607e-07,4.70681693203718e-07
182,3.6399999999999966,767.8531374263144,1.1859466347438814e-07,1.9223816760048005e-07,-7.42545684088209e-12,6.028638029585055e-12,-1.24172969792196e-10,1.2281991000138908e-10,-1.0279629786644706e-16,-3.5036172122265173e-07,3.953164012918189e-08,2.3335780545639065e-06,1.786436962537225e-06,1.3874073126196748e-06,7.684680492826275e-07,3.4868900594613734e-06,-2.732897671009547e-09,1.2516051883338794e-09,-1.8599103900247736e-09,1.392658222812797e-09,1.8171888845279354e-09,7.807201911835568e-07,4.7147538555861074e-07
183,3.660000000000008,767.9040473861894,1.176780927407202e-07,1.9081714354417128e-07,-7.404067376324993e-12,6.340592455258537e-12,-1.2358000041677852e-10,1.2222938518409323e-10,-1.0322546791503993e-16,-3.477189292028766e-07,3.9226107111364286e-08,2.3335780545639065e-06,1.786436962537225e-06,1.3874073126196748e-06,7.7083077684478e-07,3.4907206125728222e-06,-2.733045966251888e-09,1.251728880638728e-09,-1.8623879197267653e-09,1.3951087157646533e-09,1.8171888824677395e-09,7.737393846792975e-07,4.722629630310167e-07
184,3.680000000000008,767.9535829221292,1.1676334479498479e-07,1.893964116326289e-07,-7.381693442797695e-12,6.5791444805096234e-12,-1.2298379433631295e-10,1.216356729818066e-10,-1.036479775962334e-16,-3.450787893785476e-07,3.89211837248978e-08,2.3335780545639065e-06,1.786436962537225e-06,1.3874073126196748e-06,7.73175191220137e-07,3.49452274812459e-06,-2.7331938238602573e-09,1.2518580780080856e-09,-1.8648535576742303e-09,1.3975473663463123e-09,1.8171888803990733e-09,7.668114074934832e-07,4.730444359393793e-07
185,3.700000000000008,768.0017993338931,1.1585067630288984e-07,1.879764915161051e-07,-7.358970785921434e-12,6.7523031888719175e-12,-1.2238472928561115e-10,1.2103914928873615e-10,-1.04071212793387e-16,-3.4244217078141063e-07,3.861695531408028e-08,2.3335780545639065e-06,1.786436962537225e-06,1.3874073126196748e-06,7.755013314311158e-07,3.4982964771560775e-06,-2.733341230502356e-09,1.2519913924847793e-09,-1.8673072429104424e-09,1.3999741145690177e-09,1.8171888783219367e-09,7.599361978918836e-07,4.7381981732976905e-07
186,3.720000000000008,768.0487621133907,1.1494037018080024e-07,1.8655795017829795e-07,-7.335992209879624e-12,6.875201625203693e-12,-1.21783512006067e-10,1.204404972987351e-10,-1.044911538796454e-16,-3.398100322108468e-07,3.831351576153182e-08,2.3335780545639065e-06,1.786436962537225e-06,1.3874073126196748e-06,7.778092418959528e-07,3.5020418215730217e-06,-2.733488180132487e-09,1.25212766753292e-09,-1.86974892532345e-09,1.4023889110348923e-09,1.8171888762363298e-09,7.53113675861961e-07,4.745891220405252e-07
187,3.7399999999999984,768.0946044776537,1.1403286943749342e-07,1.8514169411353845e-07,-7.31297803822931e-12,6.968255969556761e-12,-1.2118136982171266e-10,1.1984086372840564e-10,-1.0490564854400791e-16,-3.3718389039180397e-07,3.801101217383977e-08,2.3335780545639065e-06,1.786436962537225e-06,1.3874073126196748e-06,7.800989742921346e-07,3.505758818015938e-06,-2.7336346698351625e-09,1.2522661021088677e-09,-1.872178574141817e-09,1.4047917246451627e-09,1.8171888741424644e-09,7.463437366359378e-07,4.7535236731987854e-07
188,3.7600000000000002,768.1393242100866,1.131282582024786e-07,1.8372789293555826e-07,-7.289611823274678e-12,7.028707383236848e-12,-1.2057654196943345e-10,1.1923855785384272e-10,-1.0531569860596888e-16,-3.345640248018871e-07,3.770947265772084e-08,2.3335780545639065e-06,1.786436962537225e-06,1.3874073126196748e-06,7.823705855685345e-07,3.5094475138864294e-06,-2.733780695733936e-09,1.2524060717423957e-09,-1.874596153259705e-09,1.4071825188609853e-09,1.8171888720403404e-09,7.396262574840003e-07,4.761095721681942e-07
189,3.78,768.1830367557284,1.1222691078104287e-07,1.823173203143614e-07,-7.266853170282919e-12,7.0713409720780546e-12,-1.1996896029395483e-10,1.1863352230261329e-10,-1.0572354823591998e-16,-3.319517216342089e-07,3.740902159471744e-08,2.3335780545639065e-06,1.786436962537225e-06,1.3874073126196748e-06,7.846241372583697e-07,3.5131079660189284e-06,-2.733926260383883e-09,1.2525470722259488e-09,-1.8770016082823524e-09,1.4095612396625498e-09,1.8171888699299578e-09,7.329611000196395e-07,4.768607571107185e-07
190,3.8000000000000047,768.2257778877615,1.113289906237051e-07,1.8091031606816998e-07,-7.243992914155763e-12,7.097006234669485e-12,-1.1935539367260802e-10,1.1802242967531327e-10,-1.0612974597551504e-16,-3.2934754006222806e-07,3.7109713427159546e-08,2.3335780545639065e-06,1.786436962537225e-06,1.3874073126196748e-06,7.868596962724177e-07,3.5167402423827545e-06,-2.7340713688447545e-09,1.2526887556980162e-09,-1.879394851822005e-09,1.4119277991823297e-09,1.8171888678115284e-09,7.263481074026735e-07,4.776059444609375e-07
191,3.8200000000000145,768.2675989414153,1.1043469731537486e-07,1.795072943425381e-07,-7.220760941058091e-12,7.109785465431119e-12,-1.1873214268561563e-10,1.1740151150605258e-10,-1.0653680014387027e-16,-3.267521645085446e-07,3.6811614563823274e-08,2.3335780545639065e-06,1.786436962537225e-06,1.3874073126196748e-06,7.890773331518096e-07,3.5203444184868635e-06,-2.7342160163833304e-09,1.2528308236150173e-09,-1.8817757271856146e-09,1.4142820385941445e-09,1.8171888656848404e-09,7.197871103569626e-07,4.783451577408477e-07
192,3.8400000000000016,768.308590289764,1.0954430069489587e-07,1.7810882890804643e-07,-7.196991787495222e-12,7.1143910974470995e-12,-1.1811322640796337e-10,1.1678512850769854e-10,-1.0694534971001657e-16,-3.2416653360052576e-07,3.6514814803119576e-08,2.3335780545639065e-06,1.786436962537225e-06,1.3874073126196748e-06,7.91277123131911e-07,3.523920579719367e-06,-2.7343601939105235e-09,1.252973065380646e-09,-1.884144180876486e-09,1.4166239049942806e-09,1.8171888635501056e-09,7.13277923375876e-07,4.790784220345167e-07
193,3.8600000000000145,768.3487678945967,1.0865789859061762e-07,1.7671512527192884e-07,-7.1725765121078664e-12,7.110718273748568e-12,-1.1748540891734915e-10,1.1615997715374295e-10,-1.0735518393890543e-16,-3.2159098322145457e-07,3.6219346756265604e-08,2.3335780545639065e-06,1.786436962537225e-06,1.3874073126196748e-06,7.934591451247675e-07,3.527468819261169e-06,-2.7345038895937073e-09,1.253115316474358e-09,-1.8865001672298025e-09,1.4189533560508965e-09,1.8171888614071123e-09,7.068203482076521e-07,4.79805763650111e-07
194,3.8800000000000043,768.3882690188142,1.0777582084896085e-07,1.7532690737843063e-07,-7.146650030682416e-12,7.102927136194108e-12,-1.1683883673323798e-10,1.1551615582402374e-10,-1.0776443294729857e-16,-3.190266819497688e-07,3.5925320233944937e-08,2.3335780545639065e-06,1.786436962537225e-06,1.3874073126196748e-06,7.956234823191621e-07,3.530989239587671e-06,-2.7346470818589524e-09,1.2532574529284575e-09,-1.888843409686342e-09,1.421270117380673e-09,1.8171888592558604e-09,7.004141715559431e-07,4.805272103200128e-07
195,3.9000000000000092,768.4270484199129,1.068980436058333e-07,1.739441071400173e-07,-7.1194045324844545e-12,7.089478534622517e-12,-1.1621965438818345e-10,1.1489982211291548e-10,-1.0817357138858228e-16,-3.164735282082521e-07,3.5632727328848565e-08,2.3335780545639065e-06,1.786436962537225e-06,1.3874073126196748e-06,7.977702209637106e-07,3.534481949732856e-06,-2.7347897424047707e-09,1.2533993769851657e-09,-1.891173994597514e-09,1.423574277160043e-09,1.8171888570965616e-09,6.940591694543613e-07,4.812427907956409e-07
196,3.920000000000004,768.4651060978889,1.0602463026203357e-07,1.7256685209888096e-07,-7.090835997236172e-12,7.070333004078889e-12,-1.1561397609414322e-10,1.1429709026676527e-10,-1.0857938274171086e-16,-3.1393173403884567e-07,3.534158917533086e-08,2.3335780545639065e-06,1.786436962537225e-06,1.3874073126196748e-06,7.998994477023887e-07,3.5379470593252443e-06,-2.734931844810087e-09,1.2535409751005526e-09,-1.893492330902355e-09,1.4258662462838392e-09,1.8171888549290043e-09,6.87755116831892e-07,4.819525339606825e-07
197,3.9400000000000093,768.502606427763,1.0515589614609956e-07,1.7119587042058174e-07,-7.06393723355565e-12,7.051816924576054e-12,-1.1497961600187202e-10,1.1366530287501628e-10,-1.0898508645380454e-16,-3.1140245083079336e-07,3.5052010806532806e-08,2.3335780545639065e-06,1.786436962537225e-06,1.3874073126196748e-06,8.020112529664706e-07,3.54138468655044e-06,-2.73507339254223e-09,1.2536821965998392e-09,-1.89579826682336e-09,1.4281458702152577e-09,1.8171888527534002e-09,6.81501774983194e-07,4.826564699605014e-07
198,3.9600000000000155,768.5394749850866,1.0429178054940868e-07,1.6983099782852347e-07,-7.037421198333937e-12,7.0311055913439424e-12,-1.1433103686202473e-10,1.1301913530472589e-10,-1.0938906838334198e-16,-3.0888543207283367e-07,3.4763972021454455e-08,2.3335780545639065e-06,1.786436962537225e-06,1.3874073126196748e-06,8.041057297334263e-07,3.544794955232932e-06,-2.735214406126503e-09,1.2538230258249984e-09,-1.8980913733518944e-09,1.4304127145970557e-09,1.8171888505697492e-09,6.752988961541558e-07,4.833546297887815e-07
199,3.9800000000000084,768.5757035264745,1.034323275009143e-07,1.6847231859796203e-07,-7.011116300851272e-12,7.007837027384307e-12,-1.13697214625106e-10,1.1238758663718386e-10,-1.0979132970533822e-16,-3.0638082058258416e-07,3.447748750075998e-08,2.3335780545639065e-06,1.786436962537225e-06,1.3874073126196748e-06,8.061829708139288e-07,3.5481779883971957e-06,-2.7353548915014537e-09,1.2539634152511857e-09,-1.9003716558668288e-09,1.432666781816474e-09,1.8171888483778397e-09,6.691462336276038e-07,4.840470443840034e-07
200,4.0,768.61141147446,1.0257774399441573e-07,1.6712032738233053e-07,-6.9841305325840494e-12,6.9829200883599746e-12,-1.1304848476881332e-10,1.117412247817024e-10,-1.1019641481666062e-16,-3.03889388980596e-07,3.4192626184478046e-08,2.3335780545639065e-06,1.786436962537225e-06,1.3874073126196748e-06,8.082430715288812e-07,3.5515339148569972e-06,-2.7354948439698607e-09,1.254103322822343e-09,-1.902639112860868e-09,1.434908069930662e-09,1.8171888461778834e-09,6.630435315319746e-07,4.847337455208555e-07
201,4.020000000000012,768.6466438802476,1.0172813433584891e-07,1.6577526477590232e-07,-6.956347721375637e-12,6.955929268788632e-12,-1.1237289237140116e-10,1.1106818283977183e-10,-1.1060241917126163e-16,-3.014115167199037e-07,3.390942284673838e-08,2.3335780545639065e-06,1.786436962537225e-06,1.3874073126196748e-06,8.102861303121851e-07,3.5548628707785815e-06,-2.7356342487522697e-09,1.2542427113159146e-09,-1.9048933266322083e-09,1.4371361640068781e-09,1.8171888439698803e-09,6.569905224749659e-07,4.854147660111681e-07
202,4.040000000000007,768.681338961097,1.0088346845342539e-07,1.6443702939262294e-07,-6.927868605446841e-12,6.927464695577215e-12,-1.1172820820343022e-10,1.1042611117621493e-10,-1.1100724833562922e-16,-2.989470626880651e-07,3.3627867453961275e-08,2.3335780545639065e-06,1.786436962537225e-06,1.3874073126196748e-06,8.123122463400774e-07,3.558164993720266e-06,-2.73577309091549e-09,1.2543815452555582e-09,-1.9071343376378957e-09,1.4393511069470374e-09,1.8171888417538303e-09,6.509869366808877e-07,4.860901389141749e-07
203,4.06,768.7155352745414,1.0004382577264817e-07,1.6310581257144007e-07,-6.899007259364243e-12,6.898614411437239e-12,-1.1115672129245681e-10,1.0985725034465088e-10,-1.1141078298138676e-16,-2.9649632483041e-07,3.334798646152808e-08,2.3335780545639065e-06,1.786436962537225e-06,1.3874073126196748e-06,8.143215192823374e-07,3.5614404221399055e-06,-2.7359113596742507e-09,1.2545198060466283e-09,-1.9093631869328797e-09,1.4415539405622452e-09,1.8171888395297336e-09,6.450325028057052e-07,4.867598974533295e-07
204,4.0800000000000125,768.7493697688744,9.920935827140889e-08,1.617820327601965e-07,-6.871533037702344e-12,6.8711507982996954e-12,-1.1052526732595576e-10,1.0922826366509295e-10,-1.1181237224741707e-16,-2.9405992406841354e-07,3.3069830534520436e-08,2.3335780545639065e-06,1.786436962537225e-06,1.3874073126196748e-06,8.163140511227792e-07,3.564689300593224e-06,-2.7360490650773275e-09,1.2546575036987258e-09,-1.911580006819048e-09,1.4437447957023441e-09,1.81718883729759e-09,6.391269403167131e-07,4.874240756232904e-07
205,4.10000000000001,768.7827555226927,9.838003751567587e-08,1.6046556245186667e-07,-6.844345349015251e-12,6.843971299041404e-12,-1.0987293132465856e-10,1.0857834511314818e-10,-1.1221112223816967e-16,-2.9163769508633943e-07,3.2793390191269595e-08,2.3335780545639065e-06,1.786436962537225e-06,1.3874073126196748e-06,8.182899450806498e-07,3.567911776545344e-06,-2.7361862238612443e-09,1.2547946549196993e-09,-1.91378398880557e-09,1.4459228617901264e-09,1.8171888350573996e-09,6.332699641251662e-07,4.880827078305483e-07
206,4.120000000000012,768.815692535995,9.755590570167294e-08,1.5915648739623727e-07,-6.817108598998352e-12,6.8167405839150346e-12,-1.0922965779332298e-10,1.0793743896608599e-10,-1.1260701344709357e-16,-2.8922977989564363e-07,3.251867949718207e-08,2.3335780545639065e-06,1.786436962537225e-06,1.3874073126196748e-06,8.202493045128234e-07,3.571107997043825e-06,-2.736322838400658e-09,1.2549312620385289e-09,-1.915975014696833e-09,1.4480880196309188e-09,1.8171888328091624e-09,6.27461289375346e-07,4.887358285274328e-07
207,4.140000000000001,768.8482902249352,9.673702255013505e-08,1.5785504102542634e-07,-6.789828950422502e-12,6.789465876662033e-12,-1.085331015683204e-10,1.0724221275862662e-10,-1.1300383374683996e-16,-2.868364906035547e-07,3.224571839288106e-08,2.3335780545639065e-06,1.786436962537225e-06,1.3874073126196748e-06,8.221922337953405e-07,3.5742781123280402e-06,-2.7364589077761144e-09,1.2550673241031347e-09,-1.918152642290393e-09,1.4502398161481648e-09,1.8171888305530901e-09,6.217006266703572e-07,4.893834725063331e-07
208,4.160000000000007,768.8805376569893,9.592342119440535e-08,1.5656127960013052e-07,-6.762576120324154e-12,6.762216841603878e-12,-1.0791608284019936e-10,1.066255831176809e-10,-1.1340647006696285e-16,-2.844579277416295e-07,3.1974517919502e-08,2.3335780545639065e-06,1.786436962537225e-06,1.3874073126196748e-06,8.241188382327865e-07,3.577422275534297e-06,-2.736594431826677e-09,1.2552028409303174e-09,-1.9203171341344883e-09,1.4523784941069286e-09,1.817188828288971e-09,6.159876824869035e-07,4.900256748694571e-07
209,4.180000000000005,768.9124058232824,9.511513324170057e-08,1.5527523783475386e-07,-6.735313372247447e-12,6.7349565846011135e-12,-1.0730451587038448e-10,1.0601372435379373e-10,-1.1380812262324725e-16,-2.820941684182289e-07,3.170508860388685e-08,2.3335780545639065e-06,1.786436962537225e-06,1.3874073126196748e-06,8.260292237771474e-07,3.5805406407086454e-06,-2.7367294107217527e-09,1.2553378126645794e-09,-1.922469340121649e-09,1.454504887181643e-09,1.8171888260168052e-09,6.103221615253055e-07,4.906624709346909e-07
210,4.200000000000007,768.9439194580278,9.431218026089305e-08,1.5399699149027465e-07,-6.7084536200340004e-12,6.708098516941275e-12,-1.0674747156811565e-10,1.0545632416831881e-10,-1.1420887076303665e-16,-2.7974531774900054e-07,3.143743761454446e-08,2.3335780545639065e-06,1.786436962537225e-06,1.3874073126196748e-06,8.279234969121735e-07,3.583633363001896e-06,-2.736863848391574e-09,1.2554722432155948e-09,-1.924609859996095e-09,1.4566195876668644e-09,1.8171888237365925e-09,6.047037666636325e-07,4.912938961968753e-07
211,4.220000000000003,768.9751649789386,9.351454250059943e-08,1.5272661142480942e-07,-6.683526665867414e-12,6.683173553661157e-12,-1.0612573802709458e-10,1.0483633194909891e-10,-1.146092067047133e-16,-2.7741142234536754e-07,3.117155829375814e-08,2.3335780545639065e-06,1.786436962537225e-06,1.3874073126196748e-06,8.298017641397881e-07,3.5867005990310464e-06,-2.7369977681943455e-09,1.2556061559363007e-09,-1.9267385920920614e-09,1.458722514228038e-09,1.817188821448333e-09,5.991321992626899e-07,4.919199861559582e-07
212,4.24000000000001,769.0060857531818,9.272228609770229e-08,1.5146415975113247e-07,-6.659502143947051e-12,6.659150649270844e-12,-1.0547622188045078e-10,1.0418924107718257e-10,-1.1500975202702737e-16,-2.750926311370445e-07,3.090747273551757e-08,2.3335780545639065e-06,1.786436962537225e-06,1.3874073126196748e-06,8.316641324257717e-07,3.5897425067428068e-06,-2.737131198482377e-09,1.2557395791783301e-09,-1.9288546116911857e-09,1.4608127699583016e-09,1.8171888191522384e-09,5.936071587278639e-07,4.925407764662511e-07
213,4.260000000000006,769.0366817807503,9.193544356319373e-08,1.5020970287622549e-07,-6.636385401130401e-12,6.636035175199305e-12,-1.0487374438415631e-10,1.0358987408866086e-10,-1.154093996984948e-16,-2.7278905388027476e-07,3.0645191776786525e-08,2.3335780545639065e-06,1.786436962537225e-06,1.3874073126196748e-06,8.335107097223803e-07,3.59275924536908e-06,-2.7372641573580336e-09,1.2558725310365748e-09,-1.930958111353915e-09,1.4628905611099597e-09,1.817188816848097e-09,5.881283418776919e-07,4.93156303111374e-07
214,4.280000000000005,769.0670221317522,9.115393943534133e-08,1.4896320142098098e-07,-6.61264898640126e-12,6.612299787266043e-12,-1.0429218411661524e-10,1.0301138569497405e-10,-1.1581078612000268e-16,-2.705005498812659e-07,3.038469028837492e-08,2.3335780545639065e-06,1.786436962537225e-06,1.3874073126196748e-06,8.353416035523655e-07,3.5957509744120517e-06,-2.737396647702074e-09,1.2560050143861994e-09,-1.9330497706389007e-09,1.4649565737077958e-09,1.8171888145359089e-09,5.826954458400768e-07,4.937666019320256e-07
215,4.3000000000000025,769.0970999049135,9.037781230957819e-08,1.4772472282609366e-07,-6.588444413682865e-12,6.588095995080173e-12,-1.0368216081504498e-10,1.0240446797205943e-10,-1.1621130936492593e-16,-2.682272381111563e-07,3.012598113295714e-08,2.3335780545639065e-06,1.786436962537225e-06,1.3874073126196748e-06,8.371569210698146e-07,3.598717853654522e-06,-2.737528658636054e-09,1.2561370183440228e-09,-1.935129514088213e-09,1.467010732244466e-09,1.8171888122156739e-09,5.773081679601532e-07,4.943717086462389e-07
216,4.320000000000001,769.1268967880796,8.960711945465234e-08,1.4649435376253559e-07,-6.564244329476991e-12,6.56389638441516e-12,-1.030558952055993e-10,1.0178153411539624e-10,-1.1661425651333078e-16,-2.6596928178508644e-07,2.986908339354804e-08,2.3335780545639065e-06,1.786436962537225e-06,1.3874073126196748e-06,8.389567703874568e-07,3.6016600444204084e-06,-2.7376601855233155e-09,1.2562685382678178e-09,-1.93719689464845e-09,1.4690525922653404e-09,1.817188809887392e-09,5.719662027611911e-07,4.949716592915039e-07
217,4.339999999999998,769.1564280704154,8.884184677408663e-08,1.452720982531524e-07,-6.539867021792682e-12,6.539519348018417e-12,-1.0241880388400059e-10,1.0114790073676227e-10,-1.170202791569531e-16,-2.6372666603413037e-07,2.961399237473289e-08,2.3335780545639065e-06,1.786436962537225e-06,1.3874073126196748e-06,8.407412600497439e-07,3.6045777089405647e-06,-2.7377912266367583e-09,1.256399572425142e-09,-1.939251641639434e-09,1.4710818866138617e-09,1.8171888075510634e-09,5.666692432829998e-07,4.955664900491866e-07
218,4.3599999999999985,769.1857471700458,8.808187064882147e-08,1.4405781811065205e-07,-6.51514966305472e-12,6.5148022501777454e-12,-1.0179923782455365e-10,1.0053155277629474e-10,-1.174262381955129e-16,-2.61499087492226e-07,2.9360666882639943e-08,2.3335780545639065e-06,1.786436962537225e-06,1.3874073126196748e-06,8.42510497223973e-07,3.607471008104203e-06,-2.737921776803552e-09,1.2565301156411241e-09,-1.9412938220566006e-09,1.4730986811489923e-09,1.817188805206688e-09,5.61416985747736e-07,4.961562366417604e-07
219,4.380000000000024,769.2148190800309,8.732731511408756e-08,1.4285169206644215e-07,-6.490629233484449e-12,6.490281967697511e-12,-1.0118290611024792e-10,9.991842388451377e-11,-1.178315423097849e-16,-2.5928689048789334e-07,2.9109148254686297e-08,2.3335780545639065e-06,1.786436962537225e-06,1.3874073126196748e-06,8.442645890816043e-07,3.6103401032059775e-06,-2.7380518345926347e-09,1.256660166483303e-09,-1.9433236434958666e-09,1.4751031809156028e-09,1.817188802854054e-09,5.562091259679283e-07,4.967409347931344e-07
220,4.400000000000003,769.2436438003645,8.657820635508288e-08,1.41653773814482e-07,-6.46628455581829e-12,6.46593732869966e-12,-1.0058092681079683e-10,9.931964696879441e-11,-1.1823618326508404e-16,-2.570901636430231e-07,2.8859445218764086e-08,2.3335780545639065e-06,1.786436962537225e-06,1.3874073126196748e-06,8.460036442962942e-07,3.6131851578647836e-06,-2.7381814037305277e-09,1.2567897286762668e-09,-1.945341281824989e-09,1.4770955616241338e-09,1.8171888004933732e-09,5.510453554266245e-07,4.973206207278684e-07
221,4.42,769.2722623958131,8.583438812279669e-08,1.4046385743075743e-07,-6.44201268640742e-12,6.4416656050295e-12,-9.995373922334129e-11,9.869564311050712e-11,-1.1864036979367695e-16,-2.549084926841948e-07,2.86115056924749e-08,2.3335780545639065e-06,1.786436962537225e-06,1.3874073126196748e-06,8.477277702410727e-07,3.6160063341772354e-06,-2.738310486702849e-09,1.2569188047056041e-09,-1.9473466284852602e-09,1.4790757145249265e-09,1.8171887981246455e-09,5.459253688633532e-07,4.978953302369807e-07
222,4.440000000000007,769.3006707633075,8.509590187547263e-08,1.3928201654011667e-07,-6.417801940124704e-12,6.41745511085521e-12,-9.932673553037954e-11,9.807180674188002e-11,-1.1904419980796783e-16,-2.5274200651608394e-07,2.836534349515679e-08,2.3335780545639065e-06,1.786436962537225e-06,1.3874073126196748e-06,8.49437073141056e-07,3.618803792916945e-06,-2.7384390848491817e-09,1.257047395912763e-09,-1.9493394332328666e-09,1.481043389023451e-09,1.817188795747871e-09,5.408488638713487e-07,4.984650987288572e-07
223,4.460000000000005,769.3288580155885,8.436281968825254e-08,1.3810836867439788e-07,-6.393465761402425e-12,6.393119226751196e-12,-9.86887381767523e-11,9.743696645596813e-11,-1.1944871754607723e-16,-2.505909187765973e-07,2.8120982651650956e-08,2.3335780545639065e-06,1.786436962537225e-06,1.3874073126196748e-06,8.51131660356693e-07,3.62157769676909e-06,-2.738567197526204e-09,1.257175501656139e-09,-1.951319587969887e-09,1.4829984767554293e-09,1.817188793362838e-09,5.358155346184222e-07,4.990299619903253e-07
224,4.48,769.3568329839989,8.36351075223986e-08,1.3694287613887074e-07,-6.369193701082155e-12,6.3688475169244046e-12,-9.803762947350937e-11,9.6789014632982e-11,-1.1985271723512764e-16,-2.4845514639575694e-07,2.7878411815365444e-08,2.3335780545639065e-06,1.786436962537225e-06,1.3874073126196748e-06,8.528116396287991e-07,3.624328209217222e-06,-2.7386948241206637e-09,1.2573031213235759e-09,-1.9532868516464143e-09,1.4849407365663183e-09,1.8171887909697582e-09,5.308250739666998e-07,4.995899559349952e-07
225,4.500000000000004,769.3846265239666,8.291258556473173e-08,1.3578528215219283e-07,-6.344417285012463e-12,6.34407159765985e-12,-9.73621595832106e-11,9.61166929263574e-11,-1.2025638465358758e-16,-2.4633419283318144e-07,2.7637571048857348e-08,2.3335780545639065e-06,1.786436962537225e-06,1.3874073126196748e-06,8.544771165596708e-07,3.6270554908001332e-06,-2.738821960230531e-09,1.2574302505147218e-09,-1.955240849536979e-09,1.486869793641912e-09,1.8171887885686316e-09,5.258771805744094e-07,5.001451157636375e-07
226,4.520000000000007,769.4122184147495,8.219540810229072e-08,1.3463582993909656e-07,-6.319297756690981e-12,6.318952663178614e-12,-9.670630246258896e-11,9.546397387593782e-11,-1.2065983203944765e-16,-2.4422850702823933e-07,2.7398511781191394e-08,2.3335780545639065e-06,1.786436962537225e-06,1.3874073126196748e-06,8.561281964963412e-07,3.6297597019210465e-06,-2.7389485973808177e-09,1.25755688075733e-09,-1.957181534157337e-09,1.488785600309935e-09,1.8171887861594581e-09,5.209715535757947e-07,5.006954765919381e-07
227,4.540000000000002,769.4396086563427,8.14835972250285e-08,1.334945649312454e-07,-6.293990147226739e-12,6.293645743723875e-12,-9.609732341408532e-11,9.485815866949924e-11,-1.2106452469922963e-16,-2.42138163900521e-07,2.716124137445929e-08,2.3335780545639065e-06,1.786436962537225e-06,1.3874073126196748e-06,8.577649865496141e-07,3.6324410058697492e-06,-2.73907473025978e-09,1.257683006741399e-09,-1.9591095704160704e-09,1.490688821635389e-09,1.8171887837422378e-09,5.161078868665083e-07,5.012410741234944e-07
228,4.560000000000011,769.4668207018201,8.077696029097837e-08,1.3236120123468802e-07,-6.268615325138869e-12,6.268271645536855e-12,-9.549713640686585e-11,9.426114485430242e-11,-1.2146946234123664e-16,-2.4006262068419274e-07,2.6925695615228125e-08,2.3335780545639065e-06,1.786436962537225e-06,1.3874073126196748e-06,8.593875921247749e-07,3.6350995635314098e-06,-2.739200356314461e-09,1.2578086259152917e-09,-1.9610255150143605e-09,1.492580014670628e-09,1.8171887813169707e-09,5.112858790206589e-07,5.017819434933915e-07
229,4.580000000000008,769.4938522078177,8.007553896694261e-08,1.3123581357131203e-07,-6.2431185499870015e-12,6.242775628028767e-12,-9.490060967564222e-11,9.366780225914246e-11,-1.2187852953077586e-16,-2.380020076584155e-07,2.6691888392377404e-08,2.3335780545639065e-06,1.786436962537225e-06,1.3874073126196748e-06,8.609961171173539e-07,3.6377355336794695e-06,-2.739325473653012e-09,1.2579337363880273e-09,-1.962929492475156e-09,1.4944593041417622e-09,1.817188778883445e-09,5.065052327372336e-07,5.023181193334675e-07
230,4.600000000000007,769.5206969563633,7.937941065242185e-08,1.3011853196525765e-07,-6.2181412642350904e-12,6.217799103665331e-12,-9.430455791078956e-11,9.307494697007787e-11,-1.222934448742385e-16,-2.3595655804798025e-07,2.6459845505695554e-08,2.3335780545639065e-06,1.786436962537225e-06,1.3874073126196748e-06,8.625906666135474e-07,3.640349077134835e-06,-2.739450086250983e-09,1.2580583421353442e-09,-1.964821544151029e-09,1.4963267316340542e-09,1.8171887764416609e-09,5.0176564708017e-07,5.028496366724482e-07
231,4.620000000000015,769.5473602636852,7.868853018882647e-08,1.2900929551389851e-07,-6.19303549102727e-12,6.192693977887655e-12,-9.370899845943424e-11,9.248258115648183e-11,-1.2270880337572159e-16,-2.3392615072403793e-07,2.6229551902838002e-08,2.3335780545639065e-06,1.786436962537225e-06,1.3874073126196748e-06,8.641713460219605e-07,3.642940355409628e-06,-2.7395741980187006e-09,1.2581824470661598e-09,-1.966701679714672e-09,1.4981823069153205e-09,1.817188773991618e-09,4.970668199924478e-07,5.033765306465337e-07
232,4.6400000000000095,769.5738607039141,7.800268762912874e-08,1.279077838684125e-07,-6.167778940777292e-12,6.167437822533895e-12,-9.312202515893896e-11,9.189881000099764e-11,-1.2312477507604195e-16,-2.3191018541921476e-07,2.600093760107419e-08,2.3335780545639065e-06,1.786436962537225e-06,1.3874073126196748e-06,8.657382582001397e-07,3.6455095262034502e-06,-2.7396978061630743e-09,1.258306048384164e-09,-1.968569989950865e-09,1.5000261208268947e-09,1.8171887715333167e-09,4.924084566310167e-07,5.038988355415727e-07
233,4.660000000000009,769.6001861047121,7.732205247949163e-08,1.2681427277664792e-07,-6.142348478377259e-12,6.142007688186315e-12,-9.26112811545932e-11,9.13912799937016e-11,-1.2354013623210218e-16,-2.2990916389299047e-07,2.5774059102342424e-08,2.3335780545639065e-06,1.786436962537225e-06,1.3874073126196748e-06,8.672915056012258e-07,3.6480567467699007e-06,-2.7398209074374266e-09,1.2584291428392713e-09,-1.9704273230140268e-09,1.5018590217268417e-09,1.8171887690667567e-09,4.877902631378947e-07,5.044165855086069e-07
234,4.680000000000007,769.6263364660778,7.664664403856482e-08,1.2572880206075936e-07,-6.116698200932088e-12,6.116357694909309e-12,-9.210234513682249e-11,9.08855697845953e-11,-1.2395550585967115e-16,-2.2792315169903664e-07,2.5548922839526337e-08,2.3335780545639065e-06,1.786436962537225e-06,1.3874073126196748e-06,8.688311925664062e-07,3.6505821775182743e-06,-2.739943497904325e-09,1.2585517264931023e-09,-1.972274459276882e-09,1.5036817902246244e-09,1.8171887665917265e-09,4.832119399819749e-07,5.049298153280256e-07
235,4.700000000000009,769.6523259775114,7.597624542019315e-08,1.2465103530863609e-07,-6.0916502292940985e-12,6.091309820967452e-12,-9.159202285062214e-11,9.037848309573375e-11,-1.243686410910985e-16,-2.2595152324160683e-07,2.5325456517309613e-08,2.3335780545639065e-06,1.786436962537225e-06,1.3874073126196748e-06,8.70357421460994e-07,3.6530859758919687e-06,-2.7400655813885465e-09,1.2586738031682611e-09,-1.9741114029568075e-09,1.505494430753428e-09,1.8171887641084376e-09,4.78673193232568e-07,5.05438559121594e-07
236,4.720000000000011,769.6781532212393,7.531089819037699e-08,1.2358104720381888e-07,-6.067423664314747e-12,6.067083214472852e-12,-9.108038057383048e-11,8.98700863634069e-11,-1.2477964435080913e-16,-2.239944086257752e-07,2.5103673991019286e-08,2.3335780545639065e-06,1.786436962537225e-06,1.3874073126196748e-06,8.718702928970998e-07,3.6555682967170934e-06,-2.7401871721274447e-09,1.2587953870986156e-09,-1.975938126991101e-09,1.5072969164480195e-09,1.8171887616168902e-09,4.7417373391389366e-07,5.059428504266773e-07
237,4.740000000000008,769.7038144352849,7.46506830839855e-08,1.225189749204192e-07,-6.044008134051789e-12,6.043667534104215e-12,-9.056762124729803e-11,8.936058301386484e-11,-1.251895105399816e-16,-2.220520526726435e-07,2.4883602172261625e-08,2.3335780545639065e-06,1.786436962537225e-06,1.3874073126196748e-06,8.733699087098431e-07,3.6580292969383354e-06,-2.740308286445462e-09,1.2589164946061014e-09,-1.977754607009354e-09,1.509089223141792e-09,1.817188759117296e-09,4.6971326930091014e-07,5.0644272318831e-07
238,4.760000000000015,769.7293126829511,7.399555055740776e-08,1.2146474715401443e-07,-6.020946725106774e-12,6.020605908888493e-12,-9.005355239922127e-11,8.884978025599858e-11,-1.2559913185926094e-16,-2.2012431801937141e-07,2.46652245465083e-08,2.3335780545639065e-06,1.786436962537225e-06,1.3874073126196748e-06,8.748563710462575e-07,3.6604691341590804e-06,-2.74042893599396e-09,1.2590371373405313e-09,-1.9795608187457664e-09,1.5108713267744912e-09,1.8171887566094432e-09,4.6529150559398854e-07,5.069382114554979e-07
239,4.780000000000015,769.7546586669841,7.334528159535549e-08,1.2041801988999e-07,-5.997988811078936e-12,5.9976478482402415e-12,-8.953962494675652e-11,8.833912799320956e-11,-1.26006600889207e-16,-2.1821056863011333e-07,2.4448468108691065e-08,2.3335780545639065e-06,1.786436962537225e-06,1.3874073126196748e-06,8.763297793677852e-07,3.6628879618295205e-06,-2.7405491253494575e-09,1.2591573198781026e-09,-1.9813567505193305e-09,1.5126432158569833e-09,1.8171887540933318e-09,4.6090815672749357e-07,5.074293483820499e-07
240,4.800000000000005,769.7798453734633,7.270004831024752e-08,1.1937907766906533e-07,-5.975237026884672e-12,5.9748958761832055e-12,-8.90452252686892e-11,8.784800014696387e-11,-1.2641403306320279e-16,-2.1631131851667186e-07,2.4233390230044925e-08,2.3335780545639065e-06,1.786436962537225e-06,1.3874073126196748e-06,8.777902326668405e-07,3.66528593280511e-06,-2.7406688576078604e-09,1.2592770453153469e-09,-1.983142599021473e-09,1.5144050871383842e-09,1.8171887515691736e-09,4.5656293785602793e-07,5.079161669654371e-07
241,4.820000000000019,769.8048728023903,7.205986794458218e-08,1.1834795615527475e-07,-5.952692830309132e-12,5.952351456872618e-12,-8.854910554247418e-11,8.735515535476039e-11,-1.2682011256647863e-16,-2.1442662633932459e-07,2.4019996657848815e-08,2.3335780545639065e-06,1.786436962537225e-06,1.3874073126196748e-06,8.792378318293898e-07,3.667663203143355e-06,-2.740788136906501e-09,1.2593963177886776e-09,-1.9849185423296474e-09,1.5161571186934025e-09,1.8171887490367569e-09,4.5225555840746497e-07,5.083987008343164e-07
242,4.840000000000001,769.8297492775073,7.142452043852136e-08,1.1732430705576685e-07,-5.929712388293564e-12,5.929370787245617e-12,-8.803613029535483e-11,8.684546051681843e-11,-1.2722584891609526e-16,-2.1255585039442155e-07,2.3808214038739005e-08,2.3335780545639065e-06,1.786436962537225e-06,1.3874073126196748e-06,8.806726757132195e-07,3.670019925775463e-06,-2.7409069609588135e-09,1.2595151350111187e-09,-1.9866843946880465e-09,1.5178991248521167e-09,1.8171887464962933e-09,4.479857336401314e-07,5.088769829412818e-07
243,4.860000000000016,769.8544739671256,7.07940457705795e-08,1.1630820239864378e-07,-5.906390684233528e-12,5.9060488503834265e-12,-8.751512459627759e-11,8.632774107109435e-11,-1.2763379880048224e-16,-2.106991160151049e-07,2.3598055698874095e-08,2.3335780545639065e-06,1.786436962537225e-06,1.3874073126196748e-06,8.820948613753116e-07,3.672356250870009e-06,-2.7410253219894594e-09,1.2596334892074952e-09,-1.988439907236908e-09,1.5196308568679972e-09,1.817188743947783e-09,4.4375318397603283e-07,5.093510456386583e-07
244,4.880000000000008,769.8790446644251,7.016852320306544e-08,1.1529977783187184e-07,-5.882967471239465e-12,5.882625398018529e-12,-8.700140239043732e-11,8.581731184687755e-11,-1.2804393051564434e-16,-2.0885666453327082e-07,2.338954805899427e-08,2.3335780545639065e-06,1.786436962537225e-06,1.3874073126196748e-06,8.835044870650474e-07,3.674672330672313e-06,-2.7411432155709973e-09,1.2597513759499792e-09,-1.9901850725066715e-09,1.5213523073971762e-09,1.817188741391014e-09,4.3955762617055084e-07,5.098209216762367e-07
245,4.900000000000009,769.9034632592931,6.954790080972549e-08,1.1429895625932529e-07,-5.85999561173671e-12,5.859653330419389e-12,-8.650241764280148e-11,8.532162765915447e-11,-1.2845260038380494e-16,-2.0702834961865094e-07,2.3182673810317485e-08,2.3335780545639065e-06,1.786436962537225e-06,1.3874073126196748e-06,8.849016513051754e-07,3.676968318013225e-06,-2.7412606452016732e-09,1.2598687987372637e-09,-1.991920110707057e-09,1.5230636967922367e-09,1.8171887388259865e-09,4.3539877602903137e-07,5.102866438949299e-07
246,4.920000000000004,769.9277363547391,6.893195587453173e-08,1.1330538277943272e-07,-5.838035588245498e-12,5.8376932578575734e-12,-8.600517277195119e-11,8.482769914860548e-11,-1.288607554664722e-16,-2.0521351942303226e-07,2.297735871388212e-08,2.3335780545639065e-06,1.786436962537225e-06,1.3874073126196748e-06,8.862864498720176e-07,3.6792443614036118e-06,-2.741377625513558e-09,1.2599857722031464e-09,-1.9936451866111725e-09,1.5247651900603138e-09,1.8171887362529121e-09,4.3127635733861556e-07,5.107482442201717e-07
247,4.940000000000007,769.9518596235516,6.832086029234992e-08,1.1231934372092549e-07,-5.816340258158023e-12,5.81599794457369e-12,-8.550787306118575e-11,8.433372516940181e-11,-1.2926801063085684e-16,-2.0341268946200137e-07,2.277366006819942e-08,2.3335780545639065e-06,1.786436962537225e-06,1.3874073126196748e-06,8.876589780336865e-07,3.6815006086686155e-06,-2.7414941692718614e-09,1.2601023091151707e-09,-1.9953603170694672e-09,1.5264568043034941e-09,1.8171887336715792e-09,4.2719009524976474e-07,5.112057544079926e-07
248,4.960000000000004,769.9758330657394,6.771462969340528e-08,1.1134087149117458e-07,-5.7948916280315554e-12,5.794549382060958e-12,-8.501126267092389e-11,8.384044897582541e-11,-1.2967361721250145e-16,-2.016259129823405e-07,2.257158308337529e-08,2.3335780545639065e-06,1.786436962537225e-06,1.3874073126196748e-06,8.890193329335439e-07,3.6837372108207365e-06,-2.741610281590545e-09,1.260218414588437e-09,-1.9970655084268535e-09,1.5281385460449461e-09,1.8171887310821995e-09,4.2313970922532174e-07,5.116592068395083e-07
249,4.980000000000005,769.9996619273214,6.711304393671597e-08,1.1036961391522437e-07,-5.773261631882286e-12,5.772919442792027e-12,-8.451447414261191e-11,8.334700346196788e-11,-1.3007814126696623e-16,-1.9985254428806275e-07,2.2371054379070117e-08,2.3335780545639065e-06,1.786436962537225e-06,1.3874073126196748e-06,8.903676096698452e-07,3.6859543156748006e-06,-2.741725963123095e-09,1.2603340892766855e-09,-1.9987607657949634e-09,1.5298104205693241e-09,1.817188728484773e-09,4.1912492465261764e-07,5.121086332141327e-07
250,4.999999999999998,770.023345684127,6.651614142924776e-08,1.0940564021642921e-07,-5.752346176241431e-12,5.7520040646780595e-12,-8.401720098870678e-11,8.285308233639791e-11,-1.3048151928352855e-16,-1.9809270381202948e-07,2.2172086757598172e-08,2.3335780545639065e-06,1.786436962537225e-06,1.3874073126196748e-06,8.917039015235044e-07,3.6881520682161165e-06,-2.7418412192011596e-09,1.26044933851176e-09,-2.0004460825461876e-09,1.5314724214273073e-09,1.8171887258790879e-09,4.1514547217161803e-07,5.125540646254992e-07
251,5.020000000000004,770.0468829453167,6.592399957364194e-08,1.0844908326579234e-07,-5.731994747792858e-12,5.731652751284838e-12,-8.352098650391409e-11,8.236022947325404e-11,-1.3088384223096707e-16,-1.9634662762934318e-07,2.1974706019819944e-08,2.3335780545639065e-06,1.786436962537225e-06,1.3874073126196748e-06,8.930283029335337e-07,3.6903306154509394e-06,-2.741956062610278e-09,1.2605641750799198e-09,-2.00212146442108e-09,1.5331245545454044e-09,1.817188723265356e-09,4.1120107885720314e-07,5.129955325532735e-07
252,5.040000000000013,770.0702749446663,6.533656606618297e-08,1.0749986410568636e-07,-5.711767979805416e-12,5.711426103597125e-12,-8.302635400782209e-11,8.186896789864562e-11,-1.3128669511554242e-16,-1.946141670437711e-07,2.177889473117381e-08,2.3335780545639065e-06,1.786436962537225e-06,1.3874073126196748e-06,8.943409085899325e-07,3.6924901049246554e-06,-2.7420705002376754e-09,1.2606786058684686e-09,-2.003786937826105e-09,1.5347668465191242e-09,1.8171887206435772e-09,4.072914709104702e-07,5.134330685607837e-07
253,5.060000000000009,770.0935259928385,6.475362062066837e-08,1.0655762893705383e-07,-5.690744647498207e-12,5.690402792870335e-12,-8.25323494601886e-11,8.137832669106131e-11,-1.3168912173115985e-16,-1.9289467452490993e-07,2.15845794635006e-08,2.3335780545639065e-06,1.786436962537225e-06,1.3874073126196748e-06,8.956418104568007e-07,3.6946306798550825e-06,-2.742184525363839e-09,1.2607926241574334e-09,-2.005442524860775e-09,1.536399319465021e-09,1.8171887180137517e-09,4.0341638249478413e-07,5.138667033027303e-07
254,5.080000000000012,770.1166332648945,6.417533131190112e-08,1.0562265885527058e-07,-5.669344616197734e-12,5.669002742211715e-12,-8.203789704371247e-11,8.088724277458976e-11,-1.3209049038635587e-16,-1.9118865528023915e-07,2.1391816241300547e-08,2.3335780545639065e-06,1.786436962537225e-06,1.3874073126196748e-06,8.969310999761266e-07,3.696752482733006e-06,-2.7422981262565156e-09,1.2609062182127841e-09,-2.0070882273258828e-09,1.5380219751596777e-09,1.8171887153758793e-09,3.995755491967322e-07,5.142964672597783e-07
255,5.100000000000018,770.1395967608346,6.360171241550971e-08,1.0469498351983283e-07,-5.6477198855445915e-12,5.6473779038256115e-12,-8.154299918253808e-11,8.03957222760298e-11,-1.3249079509274876e-16,-1.8949615800695518e-07,2.1200609822991436e-08,2.3335780545639065e-06,1.786436962537225e-06,1.3874073126196748e-06,8.982088704134011e-07,3.6988556591567575e-06,-2.7424112969013478e-09,1.2610193820192444e-09,-2.0087240362881948e-09,1.5396348048101846e-09,1.817188712730172e-09,3.9576870106385903e-07,5.147223915204214e-07
256,5.120000000000003,770.1624200702732,6.303254778546754e-08,1.0377425503135197e-07,-5.626421930985788e-12,5.626079855831701e-12,-8.104937025518817e-11,7.990547913018567e-11,-1.3289026124614025e-16,-1.8781654661063777e-07,2.101088815990847e-08,2.3335780545639065e-06,1.786436962537225e-06,1.3874073126196748e-06,8.994752130154099e-07,3.700940351542268e-06,-2.7425240383194337e-09,1.261132116596841e-09,-2.0103499599825655e-09,1.5412378168242455e-09,1.8171887100764177e-09,3.9199557401768605e-07,5.151445065002501e-07
257,5.140000000000009,770.1851028345476,6.246787405856398e-08,1.0286053940882954e-07,-5.6051902677795465e-12,5.604848129298361e-12,-8.057796173242705e-11,7.943746481416216e-11,-1.3328886027638859e-16,-1.8614993595936215e-07,2.0822663464314165e-08,2.3335780545639065e-06,1.786436962537225e-06,1.3874073126196748e-06,9.007302172338506e-07,3.70300669948667e-06,-2.7426363544414297e-09,1.2612444258766922e-09,-2.0119662333024545e-09,1.5428312462636894e-09,1.8171887074146166e-09,3.88255909191985e-07,5.155628420164925e-07
258,5.160000000000005,770.2076441019649,6.190776596431785e-08,1.0195396511748934e-07,-5.583773325142691e-12,5.583431131962056e-12,-8.01064230646958e-11,7.89693288517414e-11,-1.3368652527711307e-16,-1.8449655415776045e-07,2.063596064604624e-08,2.3335780545639065e-06,1.786436962537225e-06,1.3874073126196748e-06,9.019739736340792e-07,3.705054844531933e-06,-2.7427482440772546e-09,1.2613563086693048e-09,-2.0135730771504544e-09,1.5444153142003482e-09,1.8171887047447688e-09,3.845494442908145e-07,5.159774282575959e-07
259,5.180000000000009,770.2300447657476,6.135217178414946e-08,1.010544532892139e-07,-5.5622835076219374e-12,5.561941252403479e-12,-7.963442996331792e-11,7.850074685072099e-11,-1.340832711309365e-16,-1.8285625337949363e-07,2.0450762465581495e-08,2.3335780545639065e-06,1.786436962537225e-06,1.3874073126196748e-06,9.032065730115641e-07,3.7070849287160003e-06,-2.7428597046455754e-09,1.2614677623931484e-09,-2.0151704856807673e-09,1.5459900149573732e-09,1.8171887020670859e-09,3.808759162154412e-07,5.163882954887123e-07
260,5.2000000000000135,770.2523079466819,6.080087647612232e-08,1.0016165692207541e-07,-5.540351668100376e-12,5.540009277573155e-12,-7.916742829087086e-11,7.8037164400286e-11,-1.344792285496681e-16,-1.812283998997212e-07,2.02669972422839e-08,2.3335780545639065e-06,1.786436962537225e-06,1.3874073126196748e-06,9.044281034941671e-07,3.7090970898181137e-06,-2.742970730997279e-09,1.2615787818984482e-09,-2.016758504263231e-09,1.5475553940698836e-09,1.8171886993813562e-09,3.7723506968264817e-07,5.167954730857911e-07
261,5.220000000000003,770.2744315996011,6.02540427140068e-08,9.927584867270214e-08,-5.518077551027093e-12,5.517734994737331e-12,-7.871610537979098e-11,7.758926895524583e-11,-1.3487594574942316e-16,-1.796134832735912e-07,2.0084719200738954e-08,2.3335780545639065e-06,1.786436962537225e-06,1.3874073126196748e-06,9.056386526860678e-07,3.7110914648740604e-06,-2.7430813152892636e-09,1.2616893593411712e-09,-2.0183373395999304e-09,1.5491116584034382e-09,1.8171886966877914e-09,3.7362665085091687e-07,5.171989902502211e-07
262,5.240000000000016,770.296415724497,5.971168358386934e-08,9.839705578675093e-08,-5.495463983501549e-12,5.495121229182415e-12,-7.826484671889458e-11,7.714144596975835e-11,-1.3527406674352347e-16,-1.780115481948127e-07,1.990393270296981e-08,2.3335780545639065e-06,1.786436962537225e-06,1.3874073126196748e-06,9.068383099490473e-07,3.713068193918656e-06,-2.743191450704608e-09,1.2617994879034104e-09,-2.019907149120833e-09,1.5506589655526893e-09,1.8171886939863916e-09,3.7005040053623054e-07,5.175988767692585e-07
263,5.260000000000004,770.3182630869579,5.917358892994381e-08,9.752493874031145e-08,-5.473449093073381e-12,5.473106200021661e-12,-7.781430203925652e-11,7.669434728339805e-11,-1.3567285003804484e-16,-1.7642197493391243e-07,1.9724567696978977e-08,2.3335780545639065e-06,1.786436962537225e-06,1.3874073126196748e-06,9.080271626741846e-07,3.7150274138639256e-06,-2.7433011398352334e-09,1.2619091701777022e-09,-2.0214679406084773e-09,1.55219732348522e-09,1.817188691276945e-09,3.665060653049454e-07,5.179951617732577e-07
264,5.280000000000002,770.3399734106561,5.863979355740856e-08,9.665956021103765e-08,-5.4521217929920126e-12,5.4517788161815016e-12,-7.736508070579247e-11,7.62485820162459e-11,-1.3607100947225462e-16,-1.7484487257521008e-07,1.954663578450084e-08,2.3335780545639065e-06,1.786436962537225e-06,1.3874073126196748e-06,9.09205296499058e-07,3.716969258853439e-06,-2.743410395544182e-09,1.2620184190278642e-09,-2.0230197344359117e-09,1.5537267527782163e-09,1.8171886885594515e-09,3.6299339682985457e-07,5.183878738080724e-07
265,5.300000000000013,770.361545962362,5.81103691676217e-08,9.58010435164377e-08,-5.4317576744189906e-12,5.431414645493203e-12,-7.69337974371738e-11,7.582076428682686e-11,-1.3646868354264445e-16,-1.7328046003742057e-07,1.937016086600922e-08,2.3335780545639065e-06,1.786436962537225e-06,1.3874073126196748e-06,9.103727981263089e-07,3.7188938648907147e-06,-2.743519234338855e-09,1.262127250962481e-09,-2.0245627232173695e-09,1.5552474462412479e-09,1.817188685834123e-09,3.595121435037263e-07,5.187770417745777e-07
266,5.32,770.3829814752478,5.7585265130147106e-08,9.494931091394656e-08,-5.4116975449615264e-12,5.411354478571823e-12,-7.65048650561667e-11,7.539530750913784e-11,-1.3686544139531868e-16,-1.7172859207128697e-07,1.9195126064672042e-08,2.3335780545639065e-06,1.786436962537225e-06,1.3874073126196748e-06,9.115297544692859e-07,3.7208013684350174e-06,-2.7436276688908655e-09,1.2622356786537215e-09,-2.026097109842229e-09,1.5567596069592065e-09,1.8171886831007477e-09,3.5606205298264145e-07,5.191626946438843e-07
267,5.34000000000001,770.4042825109034,5.706427305336591e-08,9.410402512925042e-08,-5.390997760782607e-12,5.3906546076025694e-12,-7.60694831307302e-11,7.496341340023451e-11,-1.3726050888800352e-16,-1.7018865354901592e-07,1.9021461916543575e-08,2.3335780545639065e-06,1.786436962537225e-06,1.3874073126196748e-06,9.126762498511216e-07,3.7226919017954504e-06,-2.7437356958438456e-09,1.2623436987445834e-09,-2.027622853324048e-09,1.558263194168301e-09,1.8171886803595373e-09,3.5264288052643683e-07,5.195448605236966e-07
268,5.360000000000003,770.4254473906179,5.6547549468674344e-08,9.326544881423688e-08,-5.369969723451887e-12,5.369626477062812e-12,-7.563033067341085e-11,7.452775944046174e-11,-1.3765411240289911e-16,-1.6866111582958544e-07,1.8849220598807483e-08,2.3335780545639065e-06,1.786436962537225e-06,1.3874073126196748e-06,9.138123680763416e-07,3.724565596534885e-06,-2.74384330551875e-09,1.26245130155543e-09,-2.029139851462161e-09,1.5597581058967074e-09,1.8171886776104919e-09,3.4925438283265196e-07,5.1992356734885e-07
269,5.379999999999994,770.4464761143944,5.60351063848464e-08,9.243360702538332e-08,-5.34861300680378e-12,5.348269658165513e-12,-7.518895189710221e-11,7.408988220434892e-11,-1.3804624558783867e-16,-1.6714601997378957e-07,1.8678406114647366e-08,2.3335780545639065e-06,1.786436962537225e-06,1.3874073126196748e-06,9.149381946348763e-07,3.7264225870932802e-06,-2.7439504913459905e-09,1.2625584805167822e-09,-2.0306480442879055e-09,1.5612442823131547e-09,1.8171886748533996e-09,3.458963114746198e-07,5.202988436159844e-07
270,5.399999999999999,770.4673710918004,5.55267406254255e-08,9.160817069580627e-08,-5.327426189019657e-12,5.327082766320794e-12,-7.475106496886446e-11,7.365550367416841e-11,-1.384376051940176e-16,-1.6564276601652288e-07,1.8508950738445892e-08,2.3335780545639065e-06,1.786436962537225e-06,1.3874073126196748e-06,9.160538131049792e-07,3.728263004870493e-06,-2.7440572517378044e-09,1.262665234041027e-09,-2.032147444456589e-09,1.5627217361719401e-09,1.8171886720884723e-09,3.425684236147158e-07,5.206707171845155e-07
271,5.420000000000009,770.4881320820813,5.502248516520407e-08,9.078919915037496e-08,-5.306402011585578e-12,5.306058540146119e-12,-7.431558560708838e-11,7.322353914425178e-11,-1.3882834930281268e-16,-1.6415145724863137e-07,1.8340865461814978e-08,2.3335780545639065e-06,1.786436962537225e-06,1.3874073126196748e-06,9.17159305362886e-07,3.7300869785689555e-06,-2.744163590019643e-09,1.2627715654540918e-09,-2.0336381109623623e-09,1.564190526600125e-09,1.81718866931571e-09,3.3927048138206257e-07,5.210392153465182e-07
272,5.440000000000013,770.5087584464034,5.452240853833945e-08,8.997681024853414e-08,-5.285344990236063e-12,5.285001486286495e-12,-7.388113973533114e-11,7.279261577053186e-11,-1.3922253952566253e-16,-1.6267230290961441e-07,1.8174173129432074e-08,2.3335780545639065e-06,1.786436962537225e-06,1.3874073126196748e-06,9.182547542999217e-07,3.7318946386629448e-06,-2.744269507489584e-09,1.2628774760543562e-09,-2.035120078215727e-09,1.5656506881492732e-09,1.8171886665351125e-09,3.360022437804795e-07,5.214043657324308e-07
273,5.4600000000000115,770.5292508577825,5.402646146771586e-08,8.917092792999199e-08,-5.2644243178382e-12,5.264080786815852e-12,-7.344809488144639e-11,7.236310169897698e-11,-1.3961650240189073e-16,-1.6120516123694812e-07,1.80088573155708e-08,2.3335780545639065e-06,1.786436962537225e-06,1.3874073126196748e-06,9.193402429999822e-07,3.73368611604473e-06,-2.744375005182702e-09,1.2629829668770872e-09,-2.0365933705618924e-09,1.5671022453239683e-09,1.81718866374668e-09,3.3276346913901405e-07,5.217661960368808e-07
274,5.480000000000003,770.549611667657,5.353444289041873e-08,8.83712261060905e-08,-5.244242612817668e-12,5.243899021549229e-12,-7.301798246738772e-11,7.193652535562175e-11,-1.4001200656929684e-16,-1.597494380551555e-07,1.7844850999361067e-08,2.3335780545639065e-06,1.786436962537225e-06,1.3874073126196748e-06,9.204158520435631e-07,3.7354615375850903e-06,-2.7444800918518115e-09,1.263088046675171e-09,-2.038058031335276e-09,1.5685452415945137e-09,1.8171886609504126e-09,3.2955392314609436e-07,5.2212473312003e-07
275,5.500000000000005,770.5698393350385,5.304650288684857e-08,8.757795673416735e-08,-5.224595182595526e-12,5.224251520994805e-12,-7.258946133510605e-11,7.151154909435034e-11,-1.4040723135717193e-16,-1.5830558543218984e-07,1.768220420748379e-08,2.3335780545639065e-06,1.786436962537225e-06,1.3874073126196748e-06,9.214816615013359e-07,3.737221029413493e-06,-2.7445847802299358e-09,1.2631927281805964e-09,-2.039514105773366e-09,1.5699797223390136e-09,1.81718865814631e-09,3.2637337291122055e-07,5.224800036720985e-07
276,5.520000000000003,770.5899338599294,5.256265247079534e-08,8.679114283385482e-08,-5.2052620013591384e-12,5.204918259336733e-12,-7.216257716082081e-11,7.10882185598497e-11,-1.408033721373788e-16,-1.5687364107270682e-07,1.752092061120307e-08,2.3335780545639065e-06,1.786436962537225e-06,1.3874073126196748e-06,9.225377530549122e-07,3.738964720409173e-06,-2.7446890788018037e-09,1.2632970198783996e-09,-2.0409616261582825e-09,1.5714057200155556e-09,1.8171886553341606e-09,3.232215806461719e-07,5.228320349202854e-07
277,5.540000000000013,770.6098975274764,5.2082697969537784e-08,8.601047021335105e-08,-5.1853754465351186e-12,5.1850316040445585e-12,-7.174927438629705e-11,7.067847250889818e-11,-1.411995933800855e-16,-1.554530325491063e-07,1.7360935653136903e-08,2.3335780545639065e-06,1.786436962537225e-06,1.3874073126196748e-06,9.235842065593161e-07,3.740692736539646e-06,-2.744792985176241e-09,1.2634009193770335e-09,-2.042400744673682e-09,1.5728233869262437e-09,1.8171886525141762e-09,3.200983139099522e-07,5.23180853482929e-07
278,5.560000000000017,770.6297301093556,5.1606670358688755e-08,8.523599456712333e-08,-5.16547644700446e-12,5.1651324829554835e-12,-7.134385967748741e-11,7.02766181354626e-11,-1.4159513414718615e-16,-1.540438568571822e-07,1.720225965847159e-08,2.3335780545639065e-06,1.786436962537225e-06,1.3874073126196748e-06,9.246211002425986e-07,3.742405201187451e-06,-2.744896493695068e-09,1.2635044210179035e-09,-2.043831676014253e-09,1.5742329378326877e-09,1.817188649686145e-09,3.1700334501588865e-07,5.235264854360451e-07
279,5.580000000000012,770.6494309997186,5.113463443538235e-08,8.446782732376496e-08,-5.1453364472666955e-12,5.1449923439392485e-12,-7.0938761885379e-11,6.987508575375253e-11,-1.419899526868666e-16,-1.5264631182312461e-07,1.7044914226202237e-08,2.3335780545639065e-06,1.786436962537225e-06,1.3874073126196748e-06,9.256485132905391e-07,3.7441022394063594e-06,-2.744999601823962e-09,1.2636075222661724e-09,-2.0452545022299593e-09,1.5756344548715793e-09,1.8171886468502786e-09,3.1393644332908647e-07,5.238689571748918e-07
280,5.600000000000013,770.6690008725708,5.06665414007762e-08,8.370589273820925e-08,-5.1247914817542416e-12,5.1244472143218754e-12,-7.053356859932035e-11,6.947345677566158e-11,-1.4238405560205738e-16,-1.5126025663076717e-07,1.688888309025698e-08,2.3335780545639065e-06,1.786436962537225e-06,1.3874073126196748e-06,9.266665250489008e-07,3.7457839766069792e-06,-2.7451023031034496e-09,1.263710216661755e-09,-2.0466692255347335e-09,1.5770279402968735e-09,1.8171886440065773e-09,3.1089737764454736e-07,5.242082951480564e-07
281,5.620000000000004,770.6884420827853,5.020219426040787e-08,8.294987072399927e-08,-5.103457219044301e-12,5.103112715999753e-12,-7.012835523484422e-11,6.907178510696043e-11,-1.42777477982876e-16,-1.4988510851354307e-07,1.6734100586543947e-08,2.3335780545639065e-06,1.786436962537225e-06,1.3874073126196748e-06,9.276752124055122e-07,3.7474505342416005e-06,-2.7452045855903663e-09,1.2638124922610582e-09,-2.0480758447730107e-09,1.578413392715699e-09,1.8171886411550408e-09,3.0788592399310565e-07,5.245445249848242e-07
282,5.640000000000004,770.7077530871265,4.9741738890063246e-08,8.220000615730302e-08,-5.0815836953981575e-12,5.0812389115463e-12,-6.97226590426479e-11,6.866962200720505e-11,-1.431701890914817e-16,-1.4852130686222674e-07,1.6580615339849756e-08,2.3335780545639065e-06,1.786436962537225e-06,1.3874073126196748e-06,9.286746517370169e-07,3.7491020330104137e-06,-2.745306435999424e-09,1.2639143357773337e-09,-2.0494743549157446e-09,1.5797908067868408e-09,1.8171886382956694e-09,3.049018598393479e-07,5.248776721440882e-07
283,5.660000000000001,770.726933885591,4.928518537705527e-08,8.145632015989765e-08,-5.059169964820757e-12,5.058824857966825e-12,-6.931622068578933e-11,6.826670808996376e-11,-1.4356218424880608e-16,-1.4716888624830164e-07,1.642843071261345e-08,2.3335780545639065e-06,1.786436962537225e-06,1.3874073126196748e-06,9.296649209796879e-07,3.7507385962735855e-06,-2.7454078435360344e-09,1.2640157364150288e-09,-2.050864743712933e-09,1.5811601700878123e-09,1.817188635428251e-09,3.0194495790824304e-07,5.252077626046128e-07
284,5.6799999999999935,770.7459868150424,4.8832346574935155e-08,8.071850876778461e-08,-5.037895805942498e-12,5.037550629487831e-12,-6.88947871395909e-11,6.784861431870994e-11,-1.4395368194438883e-16,-1.458272930094083e-07,1.627748432863958e-08,2.3335780545639065e-06,1.786436962537225e-06,1.3874073126196748e-06,9.306460962992075e-07,3.752360344562862e-06,-2.745508814193803e-09,1.2641167001699033e-09,-2.0522468537911483e-09,1.5825213233118985e-09,1.8171886325529977e-09,2.9901499611566705e-07,5.255348217550253e-07
285,5.7,770.7649116419931,4.838325182014144e-08,7.998662463103614e-08,-5.017682382451975e-12,5.017337363295656e-12,-6.846082635239622e-11,6.74178252978547e-11,-1.4434465563403906e-16,-1.4449661892693514e-07,1.6127785966175644e-08,2.3335780545639065e-06,1.786436962537225e-06,1.3874073126196748e-06,9.316182522831586e-07,3.7539673958968507e-06,-2.745609369975681e-09,1.2642172490498312e-09,-2.0536204099260924e-09,1.5838739877080647e-09,1.8171886296699093e-09,2.9611175699630264e-07,5.258588744579735e-07
286,5.7200000000000095,770.7837077468796,4.793796303829627e-08,7.926077412545975e-08,-4.998022026934619e-12,4.99767731364995e-12,-6.802247461193984e-11,6.698252537531916e-11,-1.4473504180821027e-16,-1.4317705299053967e-07,1.5979356265468194e-08,2.3335780545639065e-06,1.786436962537225e-06,1.3874073126196748e-06,9.325814644317435e-07,3.7555598698844164e-06,-2.745709527019764e-09,1.2643173991966007e-09,-2.0549852429356396e-09,1.585217991214797e-09,1.8171886267791977e-09,2.9323502027712656e-07,5.2617994588029e-07
287,5.740000000000014,770.8023758160925,4.749643408850258e-08,7.854088538766822e-08,-4.979155632968326e-12,4.978811225677994e-12,-6.758579796385594e-11,6.654888198286601e-11,-1.451248372456269e-16,-1.41868461913444e-07,1.58321798427863e-08,2.3335780545639065e-06,1.786436962537225e-06,1.3874073126196748e-06,9.335358084030117e-07,3.757137886479548e-06,-2.7458092987964165e-09,1.2644171640819939e-09,-2.0563413256613726e-09,1.5865533052883792e-09,1.817188623880651e-09,2.90384565128086e-07,5.264980612413726e-07
288,5.760000000000006,770.8209182477814,4.705847951619509e-08,7.782665651695655e-08,-4.959721498160026e-12,4.959377141258146e-12,-6.711057198658691e-11,6.607702558204388e-11,-1.4551423840594088e-16,-1.405702968648038e-07,1.5686194867927597e-08,2.3335780545639065e-06,1.786436962537225e-06,1.3874073126196748e-06,9.344813575390583e-07,3.7587015618985937e-06,-2.74590868756764e-09,1.2645165459656632e-09,-2.0576882893608386e-09,1.5878795643640277e-09,1.8171886209742691e-09,2.875601775403047e-07,5.268132449884797e-07
289,5.780000000000006,770.8393334703482,4.6624236202857625e-08,7.71183175327639e-08,-4.940389200095806e-12,4.94004484542018e-12,-6.664288813449799e-11,6.561281526868625e-11,-1.4590356561533018e-16,-1.3928297014841755e-07,1.5541446975920177e-08,2.3335780545639065e-06,1.786436962537225e-06,1.3874073126196748e-06,9.354181846962488e-07,3.7602510116390907e-06,-2.7460076886747536e-09,1.26461554018553e-09,-2.059025823961957e-09,1.5891964627725349e-09,1.8171886180600523e-09,2.8476164487017256e-07,5.271255214069182e-07
290,5.799999999999997,770.8576214837872,4.619371337277708e-08,7.641588778391039e-08,-4.9210847476019034e-12,4.920740341081116e-12,-6.621270783433115e-11,6.518621254401236e-11,-1.4629231907018235e-16,-1.3800651341222286e-07,1.5397939241524626e-08,2.3335780545639065e-06,1.786436962537225e-06,1.3874073126196748e-06,9.363463641920048e-07,3.761786353692257e-06,-2.746106303414141e-09,1.2647141480373948e-09,-2.0603543799217197e-09,1.5905044530506613e-09,1.8171886151380003e-09,2.819887500345673e-07,5.274349152690925e-07
291,5.8200000000000065,770.8757847216231,4.576673063527053e-08,7.571907382529421e-08,-4.900678069913778e-12,4.900333521706543e-12,-6.578980713029753e-11,6.47668939806969e-11,-1.466805695608973e-16,-1.3674039259406847e-07,1.525561153788215e-08,2.3335780545639065e-06,1.786436962537225e-06,1.3874073126196748e-06,9.372659686320856e-07,3.7633077033083498e-06,-2.74620452104246e-09,1.2648123587760228e-09,-2.0616744050713163e-09,1.591803984115909e-09,1.8171886122083251e-09,2.7924128097450314e-07,5.277414507768867e-07
292,5.840000000000001,770.8938229407017,4.534331573185035e-08,7.502792536475941e-08,-4.879257845773936e-12,4.878913023916198e-12,-6.536109898940448e-11,6.434178246356212e-11,-1.4706836453663066e-16,-1.3548469440002224e-07,1.5114473111828646e-08,2.3335780545639065e-06,1.786436962537225e-06,1.3874073126196748e-06,9.381770690957566e-07,3.7648151733002497e-06,-2.7463023204016743e-09,1.264910151241479e-09,-2.062985914132603e-09,1.5930950708803513e-09,1.8171886092708149e-09,2.76519030104563e-07,5.280451516233837e-07
293,5.8599999999999985,770.9117354958383,4.4923527734296314e-08,7.434254380481576e-08,-4.857272278740568e-12,4.856927023956741e-12,-6.493532649780739e-11,6.391964746693456e-11,-1.4745574515756088e-16,-1.3423959902043538e-07,1.4974543653064914e-08,2.3335780545639065e-06,1.786436962537225e-06,1.3874073126196748e-06,9.390797375304179e-07,3.766308877991945e-06,-2.74639968570309e-09,1.2650075096419576e-09,-2.064288878387563e-09,1.5943776851796561e-09,1.8171886063254696e-09,2.7382178717035873e-07,5.283460417910326e-07
294,5.880000000000011,770.9295231044397,4.450732202247715e-08,7.366285946669851e-08,-4.83542928520264e-12,4.835083525834582e-12,-6.451776661162951e-11,6.350575419255364e-11,-1.478425636617933e-16,-1.3300497727176379e-07,1.4835808288609255e-08,2.3335780545639065e-06,1.786436962537225e-06,1.3874073126196748e-06,9.399740460279862e-07,3.767788932024661e-06,-2.746496612718742e-09,1.2651044297474555e-09,-2.065583409318649e-09,1.5956519391962519e-09,1.817188603372501e-09,2.71149341407435e-07,5.286441453104495e-07
295,5.900000000000004,770.9471882730072,4.409452054981376e-08,7.298858239318692e-08,-4.816137396491474e-12,4.81579157122199e-12,-6.410186232633089e-11,6.309350452930638e-11,-1.482312909915064e-16,-1.3178030176212627e-07,1.4698207670979088e-08,2.3335780545639065e-06,1.786436962537225e-06,1.3874073126196748e-06,9.408600644537087e-07,3.7692554464432596e-06,-2.746593128385549e-09,1.265200938498426e-09,-2.066869605607953e-09,1.59691793178347e-09,1.8171886004116973e-09,2.685014886170971e-07,5.289394854700453e-07
296,5.92000000000001,770.9647293589343,4.368525400190389e-08,7.23199320159628e-08,-4.797764057702862e-12,4.797418337718194e-12,-6.368685861762008e-11,6.268217034720217e-11,-1.4862016125103292e-16,-1.3056596619639355e-07,1.4561785361137269e-08,2.3335780545639065e-06,1.786436962537225e-06,1.3874073126196748e-06,9.417378621992261e-07,3.7707085315873516e-06,-2.7466892674000973e-09,1.2652970705975155e-09,-2.0681474928174466e-09,1.5981756885322354e-09,1.8171885974432703e-09,2.658780259375112e-07,5.292320854003665e-07
297,5.940000000000019,770.9821463622197,4.32795307957544e-08,7.165692602075175e-08,-4.780275802904307e-12,4.77993032809957e-12,-6.327208975705905e-11,6.227108589597587e-11,-1.4901050300385023e-16,-1.293619994829137e-07,1.4426544164754151e-08,2.3335780545639065e-06,1.786436962537225e-06,1.3874073126196748e-06,9.426075100472031e-07,3.7721483001677194e-06,-2.7467850477986836e-09,1.2653928440841738e-09,-2.069417082301183e-09,1.5994252210946678e-09,1.8171885944670083e-09,2.632787462807169e-07,5.295219686956255e-07
298,5.960000000000005,770.9994418335928,4.287717798687207e-08,7.099928267229477e-08,-4.763339450647997e-12,4.762994198523501e-12,-6.28591454106879e-11,6.186183183089868e-11,-1.494004446997146e-16,-1.2816788928490804e-07,1.4292426433973583e-08,2.3335780545639065e-06,1.786436962537225e-06,1.3874073126196748e-06,9.434690771350288e-07,3.773574862254649e-06,-2.7468804839512218e-09,1.26548827332944e-09,-2.070678394652862e-09,1.6006665502719358e-09,1.8171885914829112e-09,2.6070344739304045e-07,5.298091584016126e-07
299,5.980000000000019,771.0166155181905,4.247822171326554e-08,7.034704873681166e-08,-4.746469401176327e-12,4.746124349622469e-12,-6.248373775081802e-11,6.149012119282893e-11,-1.4978999267461867e-16,-1.269837172201134e-07,1.415944088143552e-08,2.3335780545639065e-06,1.786436962537225e-06,1.3874073126196748e-06,9.443226311320308e-07,3.774988325568741e-06,-2.7469755820397816e-09,1.2655833645149215e-09,-2.07193182348446e-09,1.6019000698021739e-09,1.817188588490979e-09,2.5815193132798845e-07,5.300936770747669e-07
300,6.0000000000000115,771.0336667397544,4.208271807931868e-08,6.970032046402118e-08,-4.73002959887166e-12,4.729684707727107e-12,-6.210886508184768e-11,6.111895464131549e-11,-1.5017901680938843e-16,-1.258096543463509e-07,1.4027606208522042e-08,2.3335780545639065e-06,1.786436962537225e-06,1.3874073126196748e-06,9.451682405299563e-07,3.7763887992607486e-06,-2.7470703470296703e-09,1.265678122605495e-09,-2.073177749512722e-09,1.6031261605605148e-09,1.817188585491212e-09,2.556239976123248e-07,5.303755475456664e-07
301,6.0200000000000164,771.0505962507069,4.169062405965894e-08,6.905903042785065e-08,-4.713663555338868e-12,4.713318766940944e-12,-6.177986441345442e-11,6.079366835926823e-11,-1.505678175595891e-16,-1.2464557586956962e-07,1.3896908073470366e-08,2.3335780545639065e-06,1.786436962537225e-06,1.3874073126196748e-06,9.460059739513463e-07,3.7777763927696675e-06,-2.7471647839611575e-09,1.2657725526402419e-09,-2.0744166368077304e-09,1.6043452867905209e-09,1.8171885824838214e-09,2.5311944531016497e-07,5.306547926884865e-07
302,6.040000000000002,771.0674066798996,4.130176913648529e-08,6.84229005799e-08,-4.69592143421665e-12,4.695576669405805e-12,-6.144951867856647e-11,6.04670424614173e-11,-1.5095670670057838e-16,-1.234909763815547e-07,1.37672896371084e-08,2.3335780545639065e-06,1.786436962537225e-06,1.3874073126196748e-06,9.468358978833071e-07,3.779151212079744e-06,-2.7472588798111115e-09,1.2658666415946053e-09,-2.0756489306386115e-09,1.605557893898727e-09,1.817188579468596e-09,2.5063807978765556e-07,5.30931434665592e-07
303,6.0600000000000085,771.084096304544,4.091627780942071e-08,6.77921399627958e-08,-4.677695609741305e-12,4.677350827723593e-12,-6.111823279348774e-11,6.013948366429167e-11,-1.513452346693003e-16,-1.223462309262088e-07,1.3638792399248712e-08,2.3335780545639065e-06,1.786436962537225e-06,1.3874073126196748e-06,9.476580783527665e-07,3.7805133624851716e-06,-2.7473526159816535e-09,1.2659603708695765e-09,-2.0768746081532636e-09,1.6067639591599844e-09,1.8171885764455353e-09,2.481797077145771e-07,5.312054954859556e-07
304,6.080000000000019,771.1006651246415,4.053415774203683e-08,6.716676470565907e-08,-4.658944605821859e-12,4.658599768745487e-12,-6.078599512568958e-11,5.981098030688814e-11,-1.5173331622378975e-16,-1.212113658507225e-07,1.3511418914415955e-08,2.3335780545639065e-06,1.786436962537225e-06,1.3874073126196748e-06,9.484725827082815e-07,3.7818629515318568e-06,-2.747445982383774e-09,1.2660537303755413e-09,-2.0780936504323588e-09,1.607963463799697e-09,1.8171885734148514e-09,2.4574413174680654e-07,5.314769975990924e-07
305,6.10000000000001,771.1171158124512,4.0155243417592616e-08,6.654650485183226e-08,-4.639938841274649e-12,4.639593929344126e-12,-6.045037288489316e-11,5.947909950132223e-11,-1.5212083495317138e-16,-1.2008589050937367e-07,1.3385114010364924e-08,2.3335780545639065e-06,1.786436962537225e-06,1.3874073126196748e-06,9.492794767198775e-07,3.7832000842274312e-06,-2.747538971218417e-09,1.2661467123125222e-09,-2.0793060141124688e-09,1.6091563645977786e-09,1.8171885703763325e-09,2.433311591832066e-07,5.317459629283402e-07
306,6.120000000000004,771.1334481009727,3.977955943041481e-08,6.593140433396798e-08,-4.620653719667188e-12,4.620308714421306e-12,-6.011074842597114e-11,5.914322358213835e-11,-1.5250779840008052e-16,-1.1896988162723126e-07,1.3259885885205128e-08,2.3335780545639065e-06,1.786436962537225e-06,1.3874073126196748e-06,9.500788247483573e-07,3.7845248633192887e-06,-2.7476315771441932e-09,1.2662393113389597e-09,-2.0805116253255444e-09,1.6103425878286128e-09,1.8171885673299785e-09,2.409406014618413e-07,5.320124129272957e-07
307,6.139999999999994,771.1496612817162,3.940715898941064e-08,6.532155436363425e-08,-4.601961362195438e-12,4.60161624126805e-12,-5.976793346458507e-11,5.880416425538761e-11,-1.5289426057887437e-16,-1.1786350136105995e-07,1.3135752275239347e-08,2.3335780545639065e-06,1.786436962537225e-06,1.3874073126196748e-06,9.508706919325552e-07,3.785837392906264e-06,-2.747723803295124e-09,1.2663315305885166e-09,-2.0817104121445123e-09,1.6115220617069876e-09,1.8171885642760012e-09,2.385722676319595e-07,5.322763693089001e-07
308,6.160000000000001,771.1657561412171,3.9038000673726746e-08,6.471688981504494e-08,-4.5831920623133795e-12,4.582846830919711e-12,-5.942450124499375e-11,5.846449375677108e-11,-1.5328032341383544e-16,-1.1676662935632129e-07,1.3012699373549407e-08,2.3335780545639065e-06,1.786436962537225e-06,1.3874073126196748e-06,9.516551435291868e-07,3.7871377773480516e-06,-2.747815654829217e-09,1.2664233752192385e-09,-2.0829023364916416e-09,1.6126947482871095e-09,1.8171885612141889e-09,2.362259663247849e-07,5.32537853825388e-07
309,6.180000000000011,771.1817354274664,3.867192139611846e-08,6.411714445205893e-08,-4.5652340147140214e-12,4.56488877746535e-12,-5.909054531771052e-11,5.8134302181767646e-11,-1.5366552043690682e-16,-1.1567878192397211e-07,1.2890672817833568e-08,2.3335780545639065e-06,1.786436962537225e-06,1.3874073126196748e-06,9.524322427498857e-07,3.7884261176907234e-06,-2.7479071390898238e-09,1.2665148525753225e-09,-2.0840874869572614e-09,1.6138607362464955e-09,1.8171885581447532e-09,2.3390151221198077e-07,5.32796887547302e-07
310,6.200000000000006,771.1975973395944,3.830903962052544e-08,6.352251716236415e-08,-4.547490110216361e-12,4.547144903853451e-12,-5.87600554181151e-11,5.780758148080316e-11,-1.5405121321883785e-16,-1.1460031590569379e-07,1.2769712095999093e-08,2.3335780545639065e-06,1.786436962537225e-06,1.3874073126196748e-06,9.53202052360052e-07,3.7897025143068672e-06,-2.7479982663311256e-09,1.2666059729121357e-09,-2.0852659929646177e-09,1.615020155083121e-09,1.8171885550674825e-09,2.3159872123368467e-07,5.330534913964403e-07
311,6.22000000000001,771.2133418776051,3.7949362308971885e-08,6.293302262182216e-08,-4.529961165758559e-12,4.5296160292505774e-12,-5.843346028852903e-11,5.748476036667796e-11,-1.5443886235422815e-16,-1.1353125526001792e-07,1.2649819528721257e-08,2.3335780545639065e-06,1.786436962537225e-06,1.3874073126196748e-06,9.53964636379347e-07,3.7909670697047095e-06,-2.7480890408437677e-09,1.2666967405214668e-09,-2.0864379281217207e-09,1.616173078501596e-09,1.8171885519825885e-09,2.293174055220271e-07,5.333076867126876e-07
312,6.239999999999988,771.2289718268303,3.759273124066234e-08,6.234840247742239e-08,-4.512749072876269e-12,4.512403945392982e-12,-5.8110669951437343e-11,5.716574959148751e-11,-1.5482473842088871e-16,-1.1247113067348455e-07,1.2530942375712002e-08,2.3335780545639065e-06,1.786436962537225e-06,1.3874073126196748e-06,9.547200573148425e-07,3.7922198839557006e-06,-2.74817946794627e-09,1.266787160721213e-09,-2.087603369424077e-09,1.6173195836011762e-09,1.8171885488898595e-09,2.2705738166269462e-07,5.335594943317317e-07
313,6.260000000000017,771.2444869089647,3.723916953546436e-08,6.176869795750046e-08,-4.49584471969217e-12,4.495499549534719e-12,-5.778900326302717e-11,5.6847867907754337e-11,-1.5521131364522268e-16,-1.1142001420082501e-07,1.2413088343596855e-08,2.3335780545639065e-06,1.786436962537225e-06,1.3874073126196748e-06,9.554683763226048e-07,3.7934610549600514e-06,-2.74826955388423e-09,1.2668772397561624e-09,-2.088762366156299e-09,1.6184597197761703e-09,1.8171885457895071e-09,2.248184702139483e-07,5.338089346389251e-07
314,6.280000000000011,771.2598863855507,3.688872760645608e-08,6.119399541100751e-08,-4.479222239093784e-12,4.478877002792962e-12,-5.746993984055521e-11,5.6532594703126846e-11,-1.5560195850689126e-16,-1.1037805940823045e-07,1.2296274236742307e-08,2.3335780545639065e-06,1.786436962537225e-06,1.3874073126196748e-06,9.562096552940238e-07,3.794690681893736e-06,-2.748359304553844e-09,1.2669669835216857e-09,-2.0899149555874125e-09,1.6195935244022787e-09,1.8171885426813197e-09,2.2260048947785837e-07,5.340560282647284e-07
315,6.300000000000027,771.2751710737227,3.654136563059473e-08,6.062423202320123e-08,-4.462814625531719e-12,4.462469312776162e-12,-5.7151893052010634e-11,5.621834337271423e-11,-1.5599259748252066e-16,-1.0934515038361027e-07,1.2180486780799002e-08,2.3335780545639065e-06,1.786436962537225e-06,1.3874073126196748e-06,9.569439562263949e-07,3.795908864168079e-06,-2.7484487249225366e-09,1.2670563969848415e-09,-2.0910611739164294e-09,1.6207210337830382e-09,1.8171885395652973e-09,2.2040325737993816e-07,5.343007958749041e-07
316,6.3200000000000065,771.2903438284175,3.619692780015884e-08,6.005915315301546e-08,-4.4453181521771976e-12,4.444972804187988e-12,-5.683708219532127e-11,5.5907333226093854e-11,-1.5638167944842962e-16,-1.0832082474233224e-07,1.2065674039857148e-08,2.3335780545639065e-06,1.786436962537225e-06,1.3874073126196748e-06,9.576713391607017e-07,3.79711569801984e-06,-2.7485378062501984e-09,1.267145471406011e-09,-2.0922010636688505e-09,1.6218422905490251e-09,1.8171885364416515e-09,2.1822659762868102e-07,5.345432574831104e-07
317,6.340000000000023,771.3054027786826,3.5855526726466226e-08,5.949894784998347e-08,-4.4275701401187435e-12,4.427224766646763e-12,-5.652346439429421e-11,5.5597511241964086e-11,-1.5676937639661468e-16,-1.0730542167252079e-07,1.1951873551366226e-08,2.3335780545639065e-06,1.786436962537225e-06,1.3874073126196748e-06,9.583918637059685e-07,3.798311279029871e-06,-2.7486265351329567e-09,1.2672341933817195e-09,-2.093334669134758e-09,1.6229573389937065e-09,1.8171885333101707e-09,2.1607033516453072e-07,5.347834329590228e-07
318,6.360000000000001,771.3203479245212,3.5517168719078026e-08,5.894362942861927e-08,-4.409988531019568e-12,4.409643140928653e-12,-5.621077249821741e-11,5.528862038319125e-11,-1.5715580295294233e-16,-1.0629896291120807e-07,1.1839087418171721e-08,2.3335780545639065e-06,1.786436962537225e-06,1.3874073126196748e-06,9.591055906604231e-07,3.799495704802656e-06,-2.748714910719543e-09,1.2673225620607951e-09,-2.09446201150374e-09,1.624066200309957e-09,1.8171885301708549e-09,2.1393429131869576e-07,5.350213425687179e-07
319,6.380000000000006,771.3351821496456,3.5181702695007674e-08,5.83929509168086e-08,-4.392861141744224e-12,4.392515767805701e-12,-5.589868572162639e-11,5.4980333300040256e-11,-1.5754117011204988e-16,-1.0530100003597779e-07,1.1727265279498155e-08,2.3335780545639065e-06,1.786436962537225e-06,1.3874073126196748e-06,9.598125793745642e-07,3.8006690706061106e-06,-2.7488029392161683e-09,1.2674105836498825e-09,-2.0955831060859173e-09,1.6251688898467895e-09,1.8171885270239157e-09,2.1181829168922337e-07,5.352570060956947e-07
320,6.400000000000006,771.3499051659232,3.4849150369139875e-08,5.784695096531553e-08,-4.3760708794524455e-12,4.375725552463071e-12,-5.5603572529425294e-11,5.468902404897587e-11,-1.5792558063604513e-16,-1.0431160065617394e-07,1.1616414373451398e-08,2.3335780545639065e-06,1.786436962537225e-06,1.3874073126196748e-06,9.605128879052057e-07,3.801831469624932e-06,-2.7488906285362374e-09,1.2674982660630851e-09,-2.0966981286683663e-09,1.6262655834202797e-09,1.8171885238693532e-09,2.097221656823019e-07,5.354904428922242e-07
321,6.420000000000012,771.3645162088129,3.451955946321939e-08,5.730571124557894e-08,-4.3593986943065436e-12,4.359053437933913e-12,-5.531371957916332e-11,5.440298017264663e-11,-1.5830991994992737e-16,-1.0333091007307554e-07,1.1506550607250192e-08,2.3335780545639065e-06,1.786436962537225e-06,1.3874073126196748e-06,9.612065750035296e-07,3.8029829962470414e-06,-2.748977983232129e-09,1.2675856138529891e-09,-2.097807301589401e-09,1.6273565034624963e-09,1.8171885207069557e-09,2.076457405750087e-07,5.357216725420313e-07
322,6.440000000000001,771.3790161128939,3.419289218149309e-08,5.676917198671719e-08,-4.342663582062777e-12,4.342318390492155e-12,-5.502444979051892e-11,5.411752472874855e-11,-1.5869423810441332e-16,-1.0235881812156847e-07,1.1397661382305745e-08,2.3335780545639065e-06,1.786436962537225e-06,1.3874073126196748e-06,9.618936995199763e-07,3.804123745079364e-06,-2.7490650038548382e-09,1.2676726275712734e-09,-2.098910683283071e-09,1.6284417085115098e-09,1.817188517536935e-09,2.055888432930634e-07,5.359507146619267e-07
323,6.460000000000008,771.3934077940586,3.386900137447483e-08,5.6237092458444816e-08,-4.3252448280272914e-12,4.324899594206413e-12,-5.473258892467923e-11,5.382948403219018e-11,-1.5907871498428872e-16,-1.0139488787248687e-07,1.128969764877241e-08,2.3335780545639065e-06,1.786436962537225e-06,1.3874073126196748e-06,9.625743184555363e-07,3.805253807723816e-06,-2.74915168293904e-09,1.2677592997511203e-09,-2.100008253670249e-09,1.6295211785991194e-09,1.8171885143592908e-09,2.0355130623312217e-07,5.361775882522376e-07
324,6.480000000000025,771.4076893414107,3.35479929782451e-08,5.570965050493858e-08,-4.307548539564644e-12,4.30720322173416e-12,-5.443932730231678e-11,5.354004799777317e-11,-1.5946250266693773e-16,-1.0043943841778822e-07,1.1182694718689349e-08,2.3335780545639065e-06,1.786436962537225e-06,1.3874073126196748e-06,9.632484883990642e-07,3.806373275153451e-06,-2.7492380108726043e-09,1.2678456207792799e-09,-2.1010999728326016e-09,1.63059487391942e-09,1.8171885111738117e-09,2.0153296297021767e-07,5.364023121759124e-07
325,6.50000000000001,771.4218607549509,3.322987270165155e-08,5.518685819642502e-08,-4.289614091618162e-12,4.2892686484287446e-12,-5.414459024412183e-11,5.324914192010452e-11,-1.5984574282704226e-16,-9.949248943946994e-08,1.1076654495006323e-08,2.3335780545639065e-06,1.786436962537225e-06,1.3874073126196748e-06,9.639162670558627e-07,3.8074822402404637e-06,-2.749323982498795e-09,1.2679315854979815e-09,-2.102185812008066e-09,1.631662765818598e-09,1.8171885079807092e-09,1.9953364369164663e-07,5.366249056680492e-07
326,6.520000000000013,771.435925040849,3.291449381425878e-08,5.4668475367093e-08,-4.27214409364431e-12,4.271798566536561e-12,-5.384509946694111e-11,5.2953465158707666e-11,-1.602285221919025e-16,-9.855360510961834e-08,1.0971528068330294e-08,2.3335780545639065e-06,1.786436962537225e-06,1.3874073126196748e-06,9.645777107210218e-07,3.8085807935760992e-06,-2.74940960008046e-09,1.268017196170131e-09,-2.103265708905204e-09,1.6327247918893861e-09,1.8171885047799835e-09,1.9755318274615545e-07,5.368453874936826e-07
327,6.540000000000024,771.4498818987386,3.2601876955598077e-08,5.415453865669258e-08,-4.255029585383088e-12,4.25468401110426e-12,-5.3543276501394734e-11,5.2655441433222424e-11,-1.6061135899772916e-16,-9.762284958946769e-08,1.0867322318430923e-08,2.3335780545639065e-06,1.786436962537225e-06,1.3874073126196748e-06,9.652328744287208e-07,3.8096690237163376e-06,-2.7494948718173023e-09,1.2681024609959075e-09,-2.1043395926648395e-09,1.633780880955306e-09,1.8171885015716344e-09,1.955914181991635e-07,5.370637759975503e-07
328,6.5600000000000165,771.4637305316091,3.2292067953759575e-08,5.3645126390343046e-08,-4.238085046224829e-12,4.237739438202498e-12,-5.324146778989667e-11,5.235742306846414e-11,-1.6099370715585633e-16,-9.670036231391962e-08,1.0764052521140068e-08,2.3335780545639065e-06,1.786436962537225e-06,1.3874073126196748e-06,9.65881813877814e-07,3.8107470203668077e-06,-2.749579802963467e-09,1.2681873852304006e-09,-2.1054074401077037e-09,1.6348310096003224e-09,1.817188498355662e-09,1.9364818608013035e-07,5.372800897459459e-07
329,6.5800000000000045,771.4774718009024,3.1985030344903215e-08,5.3140180713696365e-08,-4.221192739352831e-12,4.220847111077695e-12,-5.293864481674267e-11,5.2058380346418214e-11,-1.6137580118421175e-16,-9.578603680900987e-08,1.066170652188452e-08,2.3335780545639065e-06,1.786436962537225e-06,1.3874073126196748e-06,9.665245848608002e-07,3.8118148734378476e-06,-2.749664395741145e-09,1.2682719710958934e-09,-2.106469241233726e-09,1.6358751676344706e-09,1.8171884951320664e-09,1.917233220889022e-07,5.37494347336376e-07
330,6.599999999999997,771.4911087163742,3.168062308943913e-08,5.263947062880103e-08,-4.2039950089183825e-12,4.203649373764186e-12,-5.26381734429924e-11,5.1761675017294526e-11,-1.6175834694983612e-16,-9.487945402002647e-08,1.0560237307605531e-08,2.3335780545639065e-06,1.786436962537225e-06,1.3874073126196748e-06,9.671612413951433e-07,3.812872669951272e-06,-2.7497486476185552e-09,1.2683562160607418e-09,-2.1075250094162855e-09,1.6369133681881074e-09,1.8171884919006357e-09,1.8981666718061257e-07,5.377065667746709e-07
331,6.620000000000015,771.5046393056172,3.1378947190490774e-08,5.2143165664479065e-08,-4.186730113816251e-12,4.1863844852745e-12,-5.233685865179784e-11,5.146411469572885e-11,-1.6214163599074243e-16,-9.398091814916571e-08,1.0459678545922127e-08,2.3335780545639065e-06,1.786436962537225e-06,1.3874073126196748e-06,9.677918370979433e-07,3.813920496314206e-06,-2.7498325548695992e-09,1.2684401163993324e-09,-2.108574759737228e-09,1.6379456260852386e-09,1.8171884886615818e-09,1.8792806345891893e-07,5.379167659332064e-07
332,6.639999999999998,771.518063568628,3.1080007798618155e-08,5.16512767258402e-08,-4.169432844161998e-12,4.169087235750633e-12,-5.2034658088534266e-11,5.116565698236409e-11,-1.6252715159427531e-16,-9.309044696890578e-08,1.0360031953688955e-08,2.3335780545639065e-06,1.786436962537225e-06,1.3874073126196748e-06,9.684164266478339e-07,3.814958440738108e-06,-2.7499161164990135e-09,1.2685236711165425e-09,-2.109618474904587e-09,1.6389719238020187e-09,1.8171884854149045e-09,1.8605734980773984e-07,5.381249630382024e-07
333,6.659999999999998,771.5313845303616,3.0783667822446594e-08,5.116357921532249e-08,-4.151243873351705e-12,4.15089823898445e-12,-5.174561179863838e-11,5.088034107777632e-11,-1.6291650716919466e-16,-9.220763309230734e-08,1.0261251833810135e-08,2.3335780545639065e-06,1.786436962537225e-06,1.3874073126196748e-06,9.690350634040444e-07,3.815986589297519e-06,-2.749999323266092e-09,1.2686068709712899e-09,-2.1106562776034623e-09,1.6399923837826201e-09,1.8171884821603921e-09,1.8420436900712766e-07,5.383311758760774e-07
334,6.680000000000012,771.5446018885724,3.048994635101811e-08,5.068010698957425e-08,-4.13222146563742e-12,4.131875764994624e-12,-5.144472506402336e-11,5.05831746002123e-11,-1.6331019069402742e-16,-9.133253583033824e-08,1.0163344549220484e-08,2.3335780545639065e-06,1.786436962537225e-06,1.3874073126196748e-06,9.696477995457796e-07,3.8170050261595694e-06,-2.750082157919315e-09,1.2686896987113297e-09,-2.1116881809721816e-09,1.6410070189394007e-09,1.8171884788980447e-09,1.8236896731789993e-07,5.385354218399079e-07
335,6.7,771.5577148412739,3.019888598434587e-08,5.020093288984878e-08,-4.1126740729248575e-12,4.11232827834542e-12,-5.1131911982330033e-11,5.0273994052529216e-11,-1.6370384370271738e-16,-9.046528474931116e-08,1.0066324302544975e-08,2.3335780545639065e-06,1.786436962537225e-06,1.3874073126196748e-06,9.702546878691328e-07,3.818013836558363e-06,-2.750164606874815e-09,1.268772140751763e-09,-2.112713947342617e-09,1.6420155906259274e-09,1.8171884756278623e-09,1.8055098911210452e-07,5.387377185284254e-07
336,6.720000000000022,771.5707242669145,2.991045164414556e-08,4.972600122301099e-08,-4.093470416162046e-12,4.093124528289752e-12,-5.0821906387066004e-11,4.996732513171062e-11,-1.6409712538018586e-16,-8.960577718396748e-08,9.970179408051301e-09,2.3335780545639065e-06,1.786436962537225e-06,1.3874073126196748e-06,9.708557812454184e-07,3.819013105899493e-06,-2.7502466683195176e-09,1.2688541952798294e-09,-2.1137334855263785e-09,1.643018003817771e-09,1.8171884723498448e-09,1.7875027849276977e-07,5.389380835655315e-07
337,6.740000000000016,771.5836332346713,2.962450837026828e-08,4.9255090514965356e-08,-4.075392592793502e-12,4.075046712886299e-12,-5.0540390177062966e-11,4.968911531742718e-11,-1.6449045216397228e-16,-8.875361197005302e-08,9.874864870049149e-09,2.3335780545639065e-06,1.786436962537225e-06,1.3874073126196748e-06,9.714511308455624e-07,3.8200029168168725e-06,-2.750328356949445e-09,1.2689358769922412e-09,-2.114747108491975e-09,1.6440145682222622e-09,1.8171884690639922e-09,1.7696668460123006e-07,5.391365340083125e-07
338,6.760000000000009,771.5964397331988,2.9341152313486063e-08,4.8788362137412636e-08,-4.057485175993253e-12,4.0571393406256944e-12,-5.0258039015450734e-11,4.941002912126494e-11,-1.6488337781495224e-16,-8.790907866945915e-08,9.780412739173295e-09,2.3335780545639065e-06,1.786436962537225e-06,1.3874073126196748e-06,9.720407874523997e-07,3.820983351343396e-06,-2.7504096857271653e-09,1.2690171988527763e-09,-2.1157550927838056e-09,1.6450055596666487e-09,1.8171884657703046e-09,1.752000576948356e-07,5.393330867844046e-07
339,6.7800000000000145,771.6091437624916,2.9060388110067797e-08,4.832582590544245e-08,-4.039748743719662e-12,4.0394029897509625e-12,-4.997482233346918e-11,4.913005917479562e-11,-1.6527589566381747e-16,-8.707219330138445e-08,9.686824560062676e-09,2.3335780545639065e-06,1.786436962537225e-06,1.3874073126196748e-06,9.726248028566353e-07,3.821954493223825e-06,-2.750490658066222e-09,1.2690981642760802e-09,-2.1167574213972604e-09,1.6459909605496096e-09,1.817188462468782e-09,1.7345024497512666e-07,5.39527759157397e-07
340,6.800000000000006,771.6217483913376,2.8782085059983442e-08,4.786726752121965e-08,-4.024752658566778e-12,4.024407045512377e-12,-4.9633870397532784e-11,4.8792232861358684e-11,-1.6566716445535863e-16,-8.624256720189711e-08,9.594056769510425e-09,2.3335780545639065e-06,1.786436962537225e-06,1.3874073126196748e-06,9.732032275883355e-07,3.822916424158092e-06,-2.7505713030804073e-09,1.2691788023764328e-09,-2.117753508324665e-09,1.6469701834699707e-09,1.8171884591594242e-09,1.7171709737009457e-07,5.397205679706926e-07
341,6.819999999999995,771.634253313108,2.8506261076911867e-08,4.741271871560513e-08,-4.010903287265604e-12,4.0105578725591716e-12,-4.926132598351315e-11,4.842266290777796e-11,-1.660572773550171e-16,-8.542025595772634e-08,9.502115339757061e-09,2.3335780545639065e-06,1.786436962537225e-06,1.3874073126196748e-06,9.737761110497043e-07,3.823869224020459e-06,-2.7506516596400637e-09,1.2692591520256135e-09,-2.1187424602884613e-09,1.6479423324276616e-09,1.8171884558422314e-09,1.7000046913849928e-07,5.399115296917852e-07
342,6.840000000000001,771.6466577142002,2.8232956431655883e-08,4.6962248215707277e-08,-3.997853681122613e-12,3.997508516433518e-12,-4.891331616062838e-11,4.807751462138869e-11,-1.6644640430346797e-16,-8.460538202732527e-08,9.41101369311239e-09,2.3335780545639065e-06,1.786436962537225e-06,1.3874073126196748e-06,9.743435032247901e-07,3.8248129736897725e-06,-2.7507317472095846e-09,1.2693392326895035e-09,-2.119724206709841e-09,1.6489073342029536e-09,1.8171884525172036e-09,1.6830021275864828e-07,5.401006609821139e-07
343,6.860000000000029,771.6589624741346,2.7962137900677228e-08,4.651580297093358e-08,-3.985216501201894e-12,3.984871589011329e-12,-4.863690588487877e-11,4.7803915263359415e-11,-1.6683415989350374e-16,-8.379784812220449e-08,9.320740752961479e-09,2.3335780545639065e-06,1.786436962537225e-06,1.3874073126196748e-06,9.749054541681143e-07,3.82574775420164e-06,-2.750811577911282e-09,1.2694190564905581e-09,-2.1206997089303294e-09,1.6498661485018024e-09,1.8171884491843407e-09,1.6661618045715062e-07,5.402879785265749e-07
344,6.8800000000000185,771.6711706658382,2.7693678341006663e-08,4.607317417194257e-08,-3.971633125155482e-12,3.9712883422026635e-12,-4.836699337057191e-11,4.75369516824482e-11,-1.6722165258297028e-16,-8.299727609120911e-08,9.231254131952501e-09,2.3335780545639065e-06,1.786436962537225e-06,1.3874073126196748e-06,9.754620123305308e-07,3.826673643973068e-06,-2.750891146407578e-09,1.2694986180898703e-09,-2.1216697479229864e-09,1.65081955717126e-09,1.8171884458438545e-09,1.6494822921501734e-07,5.40473498475424e-07
345,6.8999999999999995,771.683280275505,2.7427668020659487e-08,4.563451341862444e-08,-3.957993606527958e-12,3.957648917929209e-12,-4.8099901138052665e-11,4.727279252975025e-11,-1.6760879658312326e-16,-8.220393774299224e-08,9.142583924614227e-09,2.3335780545639065e-06,1.786436962537225e-06,1.3874073126196748e-06,9.760132257941468e-07,3.827590720848973e-06,-2.7509704426746843e-09,1.2695779074624715e-09,-2.1226344168680005e-09,1.6517676546133811e-09,1.8171884424955333e-09,1.632962170766769e-07,5.406572368559894e-07
346,6.92,771.6952913031305,2.7164111107636576e-08,4.519982954742075e-08,-3.944298057625121e-12,3.943953422582666e-12,-4.783757979325033e-11,4.70134071287135e-11,-1.6799434786387415e-16,-8.14178474894119e-08,9.054731519648428e-09,2.3335780545639065e-06,1.786436962537225e-06,1.3874073126196748e-06,9.765591435854298e-07,3.828499064278634e-06,-2.7510494655911297e-09,1.2696569234858767e-09,-2.1235937916773116e-09,1.6527105166099657e-09,1.8171884391395887e-09,1.6165999922435283e-07,5.408392100104321e-07
347,6.94000000000001,771.707206888853,2.6902881042964566e-08,4.4768914831201525e-08,-3.928074814111148e-12,3.9277301871576e-12,-4.7560927247601356e-11,4.6739530307779306e-11,-1.6837959701212415e-16,-8.063862870045097e-08,8.96765473623124e-09,2.3335780545639065e-06,1.786436962537225e-06,1.3874073126196748e-06,9.77099813506936e-07,3.82939875172242e-06,-2.751128189319868e-09,1.269735640321974e-09,-2.124547776747793e-09,1.6536480459843311e-09,1.8171884357758091e-09,1.6003943446245337e-07,5.41019433872991e-07
348,6.960000000000004,771.7190267189139,2.664399482120083e-08,4.434179923444469e-08,-3.909567083110564e-12,3.909222367248102e-12,-4.726885056441613e-11,4.6450126311342026e-11,-1.6876461593288638e-16,-7.986633405519779e-08,8.881359237285822e-09,2.3335780545639065e-06,1.786436962537225e-06,1.3874073126196748e-06,9.776352822655775e-07,3.8302898588630764e-06,-2.7512065657388397e-09,1.2698140098475182e-09,-2.1254960745258763e-09,1.6545799425505221e-09,1.8171884324044063e-09,1.5843438483489734e-07,5.411979240127261e-07
349,6.980000000000033,771.7307499607915,2.6387491043371218e-08,4.391854855569388e-08,-3.889458285350031e-12,3.8891133702812174e-12,-4.697129204206441e-11,4.6155170619993456e-11,-1.6914812271217372e-16,-7.910108085228136e-08,8.795857888701627e-09,2.3335780545639065e-06,1.786436962537225e-06,1.3874073126196748e-06,9.78165597124224e-07,3.831172462340979e-06,-2.7512845559925263e-09,1.2698919932048935e-09,-2.1264384759519714e-09,1.6555059955198367e-09,1.81718842902538e-09,1.5684471068582024e-07,5.413746961839863e-07
350,7.000000000000031,771.7423775048406,2.613333777736348e-08,4.3499111658582824e-08,-3.868550959490131e-12,3.868205820921058e-12,-4.666759542759671e-11,4.585406094520332e-11,-1.6953013542558424e-16,-7.834277543141309e-08,8.711140044617883e-09,2.3335780545639065e-06,1.786436962537225e-06,1.3874073126196748e-06,9.786908054124312e-07,3.832046638943122e-06,-2.7513621360849078e-09,1.2699695663968054e-09,-2.1273748648267105e-09,1.6564260878354886e-09,1.8171884256385188e-09,1.5527027212298346e-07,5.415497661633194e-07
351,7.020000000000023,771.7539124618264,2.5881413528721775e-08,4.30832888447361e-08,-3.8494846987402505e-12,3.8491394977129466e-12,-4.633835938267669e-11,4.5527494048585285e-11,-1.6991072745507385e-16,-7.75910561965813e-08,8.627165203569157e-09,2.3335780545639065e-06,1.786436962537225e-06,1.3874073126196748e-06,9.79210952925492e-07,3.832912462948155e-06,-2.751439316441689e-09,1.2700467398499918e-09,-2.1283049243748062e-09,1.657339903385426e-09,1.8171884222440343e-09,1.5371093380670416e-07,5.417231492158012e-07
352,7.040000000000011,771.7653527931456,2.563180414614612e-08,4.267122423538694e-08,-3.830496334670846e-12,3.830151121445094e-12,-4.6017180366115645e-11,4.5208974200098254e-11,-1.7028984421368848e-16,-7.684618164476538e-08,8.543961984901386e-09,2.3335780545639065e-06,1.786436962537225e-06,1.3874073126196748e-06,9.797260851022402e-07,3.833770008078955e-06,-2.751516116251978e-09,1.2701235327561833e-09,-2.129228479772258e-09,1.6582472680679122e-09,1.8171884188419265e-09,1.521665614282916e-07,5.418948604876858e-07
353,7.060000000000004,771.7766984987989,2.538451336613635e-08,4.226292575749697e-08,-3.811579839819916e-12,3.811234612501749e-12,-4.5737567954689974e-11,4.493203491298498e-11,-1.706674817846141e-16,-7.610816470800486e-08,8.461531633308058e-09,2.3335780545639065e-06,1.786436962537225e-06,1.3874073126196748e-06,9.80236248277363e-07,3.834619349578884e-06,-2.751592537013753e-09,1.2701999466135228e-09,-2.130146027255436e-09,1.6591486781590429e-09,1.817188415432407e-09,1.5063701796476442e-07,5.420649154238678e-07
354,7.080000000000014,771.7879526473566,2.5139424484749005e-08,4.1858201620139546e-08,-3.795257222596876e-12,3.794912100680068e-12,-4.545838852135586e-11,4.4655530541119516e-11,-1.710434404237993e-16,-7.537665797861934e-08,8.379835247876282e-09,2.3335780545639065e-06,1.786436962537225e-06,1.3874073126196748e-06,9.80741487655872e-07,3.835460560852661e-06,-2.7516686053844104e-09,1.2702760080806547e-09,-2.1310579868201207e-09,1.6600445538135845e-09,1.8171884120152644e-09,1.491221697378974e-07,5.422333290926798e-07
355,7.100000000000018,771.7991149322156,2.4896553069510675e-08,4.1457079311448834e-08,-3.781280622459896e-12,3.780935761011115e-12,-4.517915749331927e-11,4.4378945426325654e-11,-1.7141773563921635e-16,-7.465170967144272e-08,8.29887801882939e-09,2.3335780545639065e-06,1.786436962537225e-06,1.3874073126196748e-06,9.812418474314147e-07,3.836293713661977e-06,-2.7517443707629125e-09,1.2703517665592716e-09,-2.13196436228029e-09,1.6609348985732591e-09,1.8171884085907102e-09,1.4762188606139648e-07,5.424001162253469e-07
356,7.1200000000000125,771.8101845398228,2.4655934582566565e-08,4.105961927574706e-08,-3.768984591502694e-12,3.768640111750687e-12,-4.4900897478111695e-11,4.41033334360144e-11,-1.7179041536107828e-16,-7.393342754383003e-08,8.218671765828582e-09,2.3335780545639065e-06,1.786436962537225e-06,1.3874073126196748e-06,9.817373723079353e-07,3.837118880647849e-06,-2.7518198734150877e-09,1.2704272623179993e-09,-2.1328651628300635e-09,1.6618197213618823e-09,1.8171884051585327e-09,1.4613603468924418e-07,5.425652917231934e-07
357,7.140000000000008,771.8211623673594,2.4417538156741586e-08,4.066577195066944e-08,-3.7575796955527665e-12,3.757235629936021e-12,-4.4623722118896666e-11,4.382882822943821e-11,-1.7216145200469044e-16,-7.322172089643668e-08,8.139206199142148e-09,2.3335780545639065e-06,1.786436962537225e-06,1.3874073126196748e-06,9.822281070353284e-07,3.8379361345601125e-06,-2.751895139058127e-09,1.270502521075416e-09,-2.133760409026083e-09,1.6626990429785367e-09,1.8171884017189437e-09,1.4466448320484188e-07,5.427288705028431e-07
358,7.160000000000015,771.8320515494372,2.4181247046050226e-08,4.0275345302805917e-08,-3.744298389681042e-12,3.743954540470138e-12,-4.4346169378554166e-11,4.3553938946416416e-11,-1.7253075905205556e-16,-7.251624200646283e-08,8.06044240441874e-09,2.3335780545639065e-06,1.786436962537225e-06,1.3874073126196748e-06,9.827140948873564e-07,3.838745545732648e-06,-2.7519701578389194e-09,1.2705775329771201e-09,-2.1346501079410744e-09,1.6635728706502955e-09,1.817188398271943e-09,1.4320710357581233e-07,5.428908669888788e-07
359,7.180000000000009,771.8428500318261,2.3947143332930097e-08,3.988847703671511e-08,-3.730980097770514e-12,3.730636415130958e-12,-4.4069880702204115e-11,4.3280325899396464e-11,-1.728993023835573e-16,-7.181723804009153e-08,7.98240774183117e-09,2.3335780545639065e-06,1.786436962537225e-06,1.3874073126196748e-06,9.83195378791146e-07,3.839547183956043e-06,-2.752044910623838e-09,1.270652278886676e-09,-2.135534268441778e-09,1.6644412132987534e-09,1.8171883948177427e-09,1.4176376877534726e-07,5.430512954903413e-07
360,7.2000000000000215,771.8535578145224,2.371523036494574e-08,3.950517427571992e-08,-3.717767851900051e-12,3.717424283509059e-12,-4.379609296646455e-11,4.300922595936936e-11,-1.732700209610586e-16,-7.11247205840547e-08,7.905103327234586e-09,2.3335780545639065e-06,1.786436962537225e-06,1.3874073126196748e-06,9.836720025281251e-07,3.840341120469168e-06,-2.752119398103214e-09,1.2707267594936625e-09,-2.136412928178385e-09,1.6653041088173416e-09,1.8171883913561308e-09,1.4033434918910488e-07,5.43210170601032e-07
361,7.220000000000001,771.8641780280863,2.3485394554855058e-08,3.912525011501382e-08,-3.704203548181469e-12,3.703860057948689e-12,-4.352318310415056e-11,4.273900490544929e-11,-1.73639437717272e-16,-7.043835127313012e-08,7.828491298589751e-09,2.3335780545639065e-06,1.786436962537225e-06,1.3874073126196748e-06,9.841440087773226e-07,3.841127424713075e-06,-2.7521936178172645e-09,1.270800972337077e-09,-2.1372861209390397e-09,1.6661615911259889e-09,1.8171883878871074e-09,1.3891871847053452e-07,5.4336750654729e-07
362,7.240000000000005,771.8747103597178,2.3257650744690807e-08,3.87487306885075e-08,-3.690315708653337e-12,3.689972280470856e-12,-4.325084788652711e-11,4.246931919020431e-11,-1.7400751697728986e-16,-6.975817599166621e-08,7.752576604599886e-09,2.3335780545639065e-06,1.786436962537225e-06,1.3874073126196748e-06,9.846114392303182e-07,3.84190616452111e-06,-2.752267563009631e-09,1.2708749106604613e-09,-2.1381538612488747e-09,1.6670136743669456e-09,1.8171883844106724e-09,1.3751675319788628e-07,5.43523317226322e-07
363,7.2600000000000176,771.8851539794307,2.3032033090693027e-08,3.837567413121235e-08,-3.676622894092901e-12,3.676279477742144e-12,-4.2979562877764835e-11,4.220068188818067e-11,-1.7437421373228316e-16,-6.90842984525397e-08,7.677370629414437e-09,2.3335780545639065e-06,1.786436962537225e-06,1.3874073126196748e-06,9.850743360686723e-07,3.842677408569308e-06,-2.7523412323957875e-09,1.2709485731780435e-09,-2.1390161653565232e-09,1.66786037437773e-09,1.817188380926826e-09,1.3612832845344332e-07,5.436776166986622e-07
364,7.279999999999993,771.8955097714003,2.2808512609029367e-08,3.8006033830999676e-08,-3.6631052031788626e-12,3.662761813033805e-12,-4.2709002702021393e-11,4.1932753993267193e-11,-1.747396054466801e-16,-6.841663338540414e-08,7.602863712213548e-09,2.3335780545639065e-06,1.786436962537225e-06,1.3874073126196748e-06,9.85532741525669e-07,3.843441225648929e-06,-2.752414629676845e-09,1.2710219635909512e-09,-2.1398730510124076e-09,1.6687017087365435e-09,1.8171883774357796e-09,1.3475331913506555e-07,5.438304190420783e-07
365,7.300000000000024,771.9057808248078,2.2586980063612296e-08,3.7639629929610986e-08,-3.650237843499827e-12,3.649894593751579e-12,-4.2440643857254496e-11,4.166701351844245e-11,-1.7510420218436157e-16,-6.775485528544405e-08,7.529019440913629e-09,2.3335780545639065e-06,1.786436962537225e-06,1.3874073126196748e-06,9.859866964523963e-07,3.844197682286536e-06,-2.7524877631071396e-09,1.2710950901550192e-09,-2.1407245474779162e-09,1.669537706411662e-09,1.8171883739373218e-09,1.3339160424835498e-07,5.439817378736098e-07
366,7.320000000000016,771.9159651151945,2.2367512020043098e-08,3.7276590888303554e-08,-3.6375643902966894e-12,3.637221294959425e-12,-4.2172380278923964e-11,4.140136975311255e-11,-1.7546776237837538e-16,-6.709919471612448e-08,7.455863336866841e-09,2.3335780545639065e-06,1.786436962537225e-06,1.3874073126196748e-06,9.864362413732326e-07,3.844946844494715e-06,-2.752560641129472e-09,1.2711679613139062e-09,-2.1415706777192887e-09,1.6703683902443772e-09,1.8171883704316642e-09,1.320430637483398e-07,5.441315867013876e-07
367,7.340000000000024,771.9260626425596,2.2150111470097752e-08,3.69169230871633e-08,-3.6250852700187587e-12,3.6247422690911563e-12,-4.190409656392184e-11,4.1135696380519086e-11,-1.7583039635348735e-16,-6.644966203594773e-08,7.3833963977014235e-09,2.3335780545639065e-06,1.786436962537225e-06,1.3874073126196748e-06,9.868814176081341e-07,3.8456887796344695e-06,-2.7526332676262176e-09,1.2712405809495466e-09,-2.1424114424876316e-09,1.6711937609057139e-09,1.817188366918595e-09,1.3070757518081856e-07,5.442799792987333e-07
368,7.360000000000016,771.9360764721466,2.193467234023296e-08,3.6560451816343844e-08,-3.6115991423479884e-12,3.611256183305088e-12,-4.163696592140172e-11,4.087117860178557e-11,-1.7619231341081144e-16,-6.58059411152706e-08,7.311583265164679e-09,2.3335780545639065e-06,1.786436962537225e-06,1.3874073126196748e-06,9.873222654462373e-07,3.846423553383505e-06,-2.752705634470519e-09,1.2713129409340706e-09,-2.143246853112434e-09,1.6720138296555366e-09,1.8171883633983261e-09,1.2938501914930687e-07,5.444269290953619e-07
369,7.380000000000015,771.946006297686,2.1721208344376796e-08,3.6207201169210795e-08,-3.5972249267054573e-12,3.596881984691079e-12,-4.137202826039433e-11,4.060885634167438e-11,-1.7655344670335316e-16,-6.516807433273821e-08,7.240428510564736e-09,2.3335780545639065e-06,1.786436962537225e-06,1.3874073126196748e-06,9.877588242530833e-07,3.84715122991336e-06,-2.7527777227112845e-09,1.2713850223157507e-09,-2.14407694305425e-09,1.6728286300049711e-09,1.8171883598708574e-09,1.2807527899482687e-07,5.445724492131192e-07
370,7.400000000000016,771.95585130651,2.150975121909273e-08,3.585722517645984e-08,-3.5822804983634145e-12,3.581937557568883e-12,-4.110916350037253e-11,4.0348590950852e-11,-1.769136881812066e-16,-6.453615801653025e-08,7.169942713381708e-09,2.3335780545639065e-06,1.786436962537225e-06,1.3874073126196748e-06,9.88191133848718e-07,3.847871874176817e-06,-2.7528495177655713e-09,1.2714568105111733e-09,-2.144901754971777e-09,1.6736382044778964e-09,1.817188356336189e-09,1.267782366713341e-07,5.447165529253587e-07
371,7.420000000000002,771.9656123773664,2.130027318688628e-08,3.551047905794394e-08,-3.5666450970802705e-12,3.5663021082435647e-12,-4.084694979649045e-11,4.008893167498675e-11,-1.772731041362891e-16,-6.391011032187252e-08,7.100116615425879e-09,2.3335780545639065e-06,1.786436962537225e-06,1.3874073126196748e-06,9.886192340927775e-07,3.84858555121916e-06,-2.7529210070214825e-09,1.2715282929078315e-09,-2.145721316104747e-09,1.6744425797041543e-09,1.8171883527943206e-09,1.25493773987951e-07,5.448592535186466e-07
372,7.440000000000016,771.9752925804902,2.1092670068965545e-08,3.516679107933398e-08,-3.549897917591339e-12,3.5495549170274535e-12,-4.0583696373063915e-11,3.982822363056157e-11,-1.7763193370966444e-16,-6.328962064414491e-08,7.030915489220274e-09,2.3335780545639065e-06,1.786436962537225e-06,1.3874073126196748e-06,9.890431635253364e-07,3.849292323920533e-06,-2.7529921724516157e-09,1.2715994514780843e-09,-2.1465356225663376e-09,1.6752417512572103e-09,1.8171883492452526e-09,1.242217766782899e-07,5.450005638396932e-07
373,7.46000000000002,771.98488990384,2.0887014577457113e-08,3.48262832301775e-08,-3.532313085678744e-12,3.5319700094642705e-12,-4.032009846191103e-11,3.956717043449279e-11,-1.7799001567701224e-16,-6.267490793040167e-08,6.962363571860641e-09,2.3335780545639065e-06,1.786436962537225e-06,1.3874073126196748e-06,9.894629603718006e-07,3.849992254663629e-06,-2.7530629945615076e-09,1.2716702667273492e-09,-2.14734466051476e-09,1.6760357051978611e-09,1.8171883456889848e-09,1.2296213139254417e-07,5.45140496630304e-07
374,7.479999999999997,771.9944043474156,2.068330937977547e-08,3.448896119683714e-08,-3.513889707389343e-12,3.5135464606836803e-12,-4.005745141540136e-11,3.9307070652247435e-11,-1.78348542532049e-16,-6.206598142663179e-08,6.8944617523776524e-09,2.3335780545639065e-06,1.786436962537225e-06,1.3874073126196748e-06,9.898786636113723e-07,3.850685407107898e-06,-2.753133456589647e-09,1.2717407218920506e-09,-2.1481484360134998e-09,1.6768244476087275e-09,1.8171883421255172e-09,1.217147224989753e-07,5.452790648835463e-07
375,7.500000000000024,772.0038389423073,2.048145376621836e-08,3.415465894452645e-08,-3.4957359845560136e-12,3.495392655115396e-12,-3.978344859866839e-11,3.903561686082999e-11,-1.7870851230051884e-16,-6.146254081786085e-08,6.827176460891808e-09,2.3335780545639065e-06,1.786436962537225e-06,1.3874073126196748e-06,9.902903112428329e-07,3.851371843309312e-06,-2.7532035528465132e-09,1.2718108112832087e-09,-2.1489468450136646e-09,1.6776078744838595e-09,1.8171883385548498e-09,1.204794372765287e-07,5.454162812656792e-07
376,7.5200000000000005,772.0131933856609,2.0281460575891086e-08,3.3823398984755176e-08,-3.4790209289849438e-12,3.4786776141298795e-12,-3.949785082699605e-11,3.875256994096299e-11,-1.79070472312973e-16,-6.086462573447728e-08,6.760511977102367e-09,2.3335780545639065e-06,1.786436962537225e-06,1.3874073126196748e-06,9.906979403862534e-07,3.852051623888605e-06,-2.7532733004154905e-09,1.271880551985901e-09,-2.149739658007866e-09,1.6783857563518764e-09,1.8171883349769826e-09,1.1925616561100675e-07,5.45552158150059e-07
377,7.5400000000000045,772.0224668738593,2.0083359729240645e-08,3.349523220619869e-08,-3.463302239183007e-12,3.4629589918779227e-12,-3.920424678122107e-11,3.84615187670421e-11,-1.7943244590836243e-16,-6.027232695923174e-08,6.694478274486348e-09,2.3335780545639065e-06,1.786436962537225e-06,1.3874073126196748e-06,9.911015885893047e-07,3.852724810200514e-06,-2.753342723647082e-09,1.271949968351961e-09,-2.1505266789839977e-09,1.6791578972389567e-09,1.8171883313919156e-09,1.1804479608406942e-07,5.456867080525749e-07
378,7.56,772.0316602648221,1.988712507481959e-08,3.31701163451458e-08,-3.4487337577940263e-12,3.448390518127915e-12,-3.892163040974801e-11,3.818145758051414e-11,-1.7979332448186654e-16,-5.968556735999068e-08,6.629066635887411e-09,2.3335780545639065e-06,1.786436962537225e-06,1.3874073126196748e-06,9.915012934373452e-07,3.8533914636860275e-06,-2.75341184400722e-09,1.272019081847061e-09,-2.1513079377559256e-09,1.679924327002432e-09,1.817188327799649e-09,1.1684521714087749e-07,5.458199435016786e-07
379,7.580000000000027,772.0407765560064,1.969265890247295e-08,3.2847890208013586e-08,-3.4371074409534288e-12,3.4367643214144035e-12,-3.866055633792397e-11,3.792294206159624e-11,-1.8015393633531236e-16,-5.910405546415018e-08,6.564244491213385e-09,2.3335780545639065e-06,1.786436962537225e-06,1.3874073126196748e-06,9.918970912771186e-07,3.85405164375156e-06,-2.753480702419031e-09,1.2720879333954565e-09,-2.1520837596234766e-09,1.6806853709988543e-09,1.8171883242001824e-09,1.1565732091263447e-07,5.459518766129499e-07
380,7.600000000000009,772.0498137830654,1.9500029203278102e-08,3.25286678778053e-08,-3.4265853993054054e-12,3.4262424492521402e-12,-3.83998013501465e-11,3.7664747642474965e-11,-1.805150113441322e-16,-5.8527996008114845e-08,6.500034504204073e-09,2.3335780545639065e-06,1.786436962537225e-06,1.3874073126196748e-06,9.922890181581758e-07,3.854705409332417e-06,-2.7535493393473965e-09,1.2721565634631631e-09,-2.1528543632003486e-09,1.6814412478958944e-09,1.8171883205935161e-09,1.1448100039791283e-07,5.460825194029039e-07
381,7.620000000000019,772.0587719459973,1.930923835341242e-08,3.2212454427178836e-08,-3.417169123002804e-12,3.4168263662737737e-12,-3.8139585482698865e-11,3.7407093861511075e-11,-1.8087465028201e-16,-5.79573972322747e-08,6.436437466936027e-09,2.3335780545639065e-06,1.786436962537225e-06,1.3874073126196748e-06,9.926771108337428e-07,3.855352820555467e-06,-2.7536177768926765e-09,1.2722249941513185e-09,-2.1536197570686796e-09,1.6821919663109346e-09,1.81718831697965e-09,1.1331614646550839e-07,5.462118841226153e-07
382,7.640000000000029,772.0676540443484,1.912019028552627e-08,3.1899091315907237e-08,-3.4075163664251973e-12,3.407173733654815e-12,-3.788012148405662e-11,3.715018932411979e-11,-1.8123358776344178e-16,-5.739197250250783e-08,6.3734213571007174e-09,2.3335780545639065e-06,1.786436962537225e-06,1.3874073126196748e-06,9.930614051201323e-07,3.855993936012899e-06,-2.7536860237475466e-09,1.2722932341523177e-09,-2.1543799541383103e-09,1.6829375391427913e-09,1.8171883133585842e-09,1.1216265276815997e-07,5.463399827108557e-07
383,7.660000000000012,772.0764597784098,1.8932897068634198e-08,3.158859965871493e-08,-3.39796552556784e-12,3.3976229412052726e-12,-3.762026488376559e-11,3.689289007286708e-11,-1.815948868228451e-16,-5.683175902604489e-08,6.310990197685864e-09,2.3335780545639065e-06,1.786436962537225e-06,1.3874073126196748e-06,9.934419359936735e-07,3.856628812922645e-06,-2.753754078566495e-09,1.2723612821190662e-09,-2.155134958001931e-09,1.6836779699367606e-09,1.8171883097303186e-09,1.1102041545287544e-07,5.464668268264035e-07
384,7.680000000000003,772.0851883529333,1.8747387037942222e-08,3.1281027606984484e-08,-3.388722380191167e-12,3.3883798177161376e-12,-3.736114415384447e-11,3.6636325961709655e-11,-1.8195703662516533e-16,-5.62768427359275e-08,6.249153433712303e-09,2.3335780545639065e-06,1.786436962537225e-06,1.3874073126196748e-06,9.93818738834739e-07,3.8572575091953015e-06,-2.7538219454453497e-09,1.2724291421466553e-09,-2.1558847720923548e-09,1.684413262097106e-09,1.8171883060948532e-09,1.0988932943525619e-07,5.465924282627174e-07
385,7.70000000000002,772.0938406294987,1.8563634720959543e-08,3.09763338762692e-08,-3.3793316045603243e-12,3.3789890123702192e-12,-3.710195506269747e-11,3.6379690783462046e-11,-1.8231787233211318e-16,-5.57271483824563e-08,6.187902574416769e-09,2.3335780545639065e-06,1.786436962537225e-06,1.3874073126196748e-06,9.941918490523283e-07,3.857880082810135e-06,-2.7538896259850027e-09,1.2724968158349562e-09,-2.1566294030846244e-09,1.6851434222645583e-09,1.817188302452188e-09,1.0876928952407144e-07,5.467167988227987e-07
386,7.720000000000029,772.1024196183481,1.838154547637289e-08,3.067436216972567e-08,-3.3682314606360035e-12,3.3678886968154877e-12,-3.684059683306353e-11,3.6120876888638687e-11,-1.826777708423375e-16,-5.5182393473640555e-08,6.127206072928008e-09,2.3335780545639065e-06,1.786436962537225e-06,1.3874073126196748e-06,9.945613008543017e-07,3.858496589770595e-06,-2.7539571016155273e-09,1.2725642846120481e-09,-2.1573688286035176e-09,1.6858684279412795e-09,1.817188298802323e-09,1.0766019410550995e-07,5.468399499092723e-07
387,7.740000000000008,772.1109233467513,1.8201184842411487e-08,3.037522242562922e-08,-3.3567865642850537e-12,3.356443462352822e-12,-3.6576906986852006e-11,3.585972627856841e-11,-1.8303925918864997e-16,-5.464277533636379e-08,6.067085775172454e-09,2.3335780545639065e-06,1.786436962537225e-06,1.3874073126196748e-06,9.949271281574892e-07,3.859107085616548e-06,-2.754024351795951e-09,1.2726315279336397e-09,-2.158103003641727e-09,1.6865882339729508e-09,1.8171882951452583e-09,1.0656194241741105e-07,5.469618928277532e-07
388,7.760000000000009,772.119351814714,1.802255493024332e-08,3.0078919154857434e-08,-3.34483472413959e-12,3.3444911386034794e-12,-3.6311342435227465e-11,3.5596695850186196e-11,-1.834028172327578e-16,-5.410830129639992e-08,6.0075423848725214e-09,2.3335780545639065e-06,1.786436962537225e-06,1.3874073126196748e-06,9.952893655552158e-07,3.859711627032353e-06,-2.754091368008934e-09,1.2726985372796493e-09,-2.15883188613602e-09,1.6873027981942383e-09,1.817188291480782e-09,1.0547443165108339e-07,5.470826391093536e-07
389,7.7800000000000065,772.1277079308202,1.7845566184142594e-08,2.9785304480665544e-08,-3.3336099344517594e-12,3.3332661558992063e-12,-3.6011208238825835e-11,3.5299028478632944e-11,-1.8377162455419045e-16,-5.357870400969922e-08,5.948546052201408e-09,2.3335780545639065e-06,1.786436962537225e-06,1.3874073126196748e-06,9.956480467663597e-07,3.860310269268708e-06,-2.7541581524554916e-09,1.2727653148525944e-09,-2.159555111642848e-09,1.6880117554375263e-09,1.817188287809106e-09,1.0439756159802251e-07,5.472021999937243e-07
390,7.8000000000000185,772.1359914044509,1.7670229746375614e-08,2.949439786727457e-08,-3.3229647293620753e-12,3.3226210160364964e-12,-3.569764937682847e-11,3.4987875315204134e-11,-1.8414653982029894e-16,-5.305401780276919e-08,5.8901004910406305e-09,2.3335780545639065e-06,1.786436962537225e-06,1.3874073126196748e-06,9.96003204725665e-07,3.860903066292187e-06,-2.7542247182019537e-09,1.2728318737243138e-09,-2.160272200218943e-09,1.6887146244754652e-09,1.8171882841300183e-09,1.0333123437989718e-07,5.473205864591568e-07
391,7.82000000000002,772.1442014644729,1.749657190541548e-08,2.920624396014251e-08,-3.3125058912098296e-12,3.3121623930640975e-12,-3.538893732627677e-11,3.4681524287185946e-11,-1.8452161271098264e-16,-5.253432238816252e-08,5.832214463663381e-09,2.3335780545639065e-06,1.786436962537225e-06,1.3874073126196748e-06,9.96354872742183e-07,3.861490072710461e-06,-2.7542910729080395e-09,1.272898221558405e-09,-2.160983066085914e-09,1.689411318471489e-09,1.8171882804433074e-09,1.022753509779878e-07,5.474378096087039e-07
392,7.840000000000008,772.1523389420086,1.7324568883835535e-08,2.8920804163563778e-08,-3.3023288454599512e-12,3.3019856531923336e-12,-3.509995981437267e-11,3.439485036067496e-11,-1.8489559850557693e-16,-5.201954745454939e-08,5.774880044691578e-09,2.3335780545639065e-06,1.786436962537225e-06,1.3874073126196748e-06,9.967030841500753e-07,3.862071343191698e-06,-2.7543572212553e-09,1.2729643630388675e-09,-2.161687955057381e-09,1.6901020822179673e-09,1.817188276749185e-09,1.012298122795613e-07,5.475538805537873e-07
393,7.860000000000008,772.1604067408801,1.7154132594261122e-08,2.8637932913923503e-08,-3.292766371685254e-12,3.292423425341451e-12,-3.4787588020449876e-11,3.4084680193621294e-11,-1.8526927585658977e-16,-5.1509429945311125e-08,5.718067873168946e-09,2.3335780545639065e-06,1.786436962537225e-06,1.3874073126196748e-06,9.970478711648562e-07,3.862646930562473e-06,-2.7544231722074613e-09,1.273030307129653e-09,-2.162386830535803e-09,1.6907868775235102e-09,1.8171882730474392e-09,1.0019452250556267e-07,5.476688100329659e-07
394,7.8800000000000185,772.1684029581036,1.6985323885766338e-08,2.8357732279827196e-08,-3.2837265845629598e-12,3.283383900177619e-12,-3.447565922683924e-11,3.3774880173007826e-11,-1.856433968581613e-16,-5.1004153089350307e-08,5.661798231138328e-09,2.3335780545639065e-06,1.786436962537225e-06,1.3874073126196748e-06,9.973892657296567e-07,3.863216887214411e-06,-2.7544889371372113e-09,1.273096065202908e-09,-2.163079463008286e-09,1.6914654731271768e-09,1.817188269338282e-09,9.916938667521553e-08,5.47782608694009e-07
395,7.900000000000009,772.1763275936786,1.6818144632619886e-08,2.808020626959688e-08,-3.275124458333165e-12,3.27478207357762e-12,-3.416595287639687e-11,3.346722970145894e-11,-1.8601862192729104e-16,-5.0503723393994915e-08,5.606071743356443e-09,2.3335780545639065e-06,1.786436962537225e-06,1.3874073126196748e-06,9.977273004148404e-07,3.863781266599905e-06,-2.754554525647786e-09,1.2731616468626455e-09,-2.1637658791292622e-09,1.6921378942259212e-09,1.8171882656217131e-09,9.815430791038255e-08,5.478952873937539e-07
396,7.920000000000031,772.1841835006525,1.6652509669315568e-08,2.7805213960337046e-08,-3.266895537952409e-12,3.2665533404601894e-12,-3.3839910563257816e-11,3.314335653075324e-11,-1.8639233417599145e-16,-5.00078865620889e-08,5.5508600150585836e-09,2.3335780545639065e-06,1.786436962537225e-06,1.3874073126196748e-06,9.9806200695786e-07,3.864340120802205e-06,-2.7546199458478322e-09,1.273227060216786e-09,-2.1644459377635613e-09,1.692804000088244e-09,1.817188261897521e-09,9.714919181082062e-08,5.480068567113381e-07
397,7.940000000000023,772.1919703939606,1.6488429451349893e-08,2.7532773594956815e-08,-3.259115223478181e-12,3.2587730760061057e-12,-3.351327710943618e-11,3.2818986913274675e-11,-1.8676439364723164e-16,-4.9516674759234966e-08,5.496166532036231e-09,2.3335780545639065e-06,1.786436962537225e-06,1.3874073126196748e-06,9.983934163490666e-07,3.864893500677757e-06,-2.754685205955263e-09,1.2732923134809506e-09,-2.1651194696403307e-09,1.6934636235226841e-09,1.8171882581659174e-09,9.61539461976078e-08,5.48117326976809e-07
398,7.960000000000017,772.1996875171893,1.6325928815940466e-08,2.7262927365395634e-08,-3.2517325196957045e-12,3.251390385379613e-12,-3.3202212873357844e-11,3.251023185738331e-11,-1.871349460623465e-16,-4.9030163246071514e-08,5.441999575020649e-09,2.3335780545639065e-06,1.786436962537225e-06,1.3874073126196748e-06,9.987215599317394e-07,3.865441457687361e-06,-2.754750314432785e-09,1.2733574151155644e-09,-2.1657866245401947e-09,1.6941169157103905e-09,1.8171882544269022e-09,9.516847781755501e-08,5.482267086378796e-07
399,7.980000000000003,772.2073356816946,1.6164985170416284e-08,2.699563850949274e-08,-3.2443315360207465e-12,3.243989401975426e-12,-3.2908846753892435e-11,3.221922768759009e-11,-1.8750392560046423e-16,-4.854828514407549e-08,5.388351612870832e-09,2.3335780545639065e-06,1.786436962537225e-06,1.3874073126196748e-06,9.990464690716029e-07,3.865984043346109e-06,-2.7548152750734114e-09,1.2734223689134378e-09,-2.166447735136402e-09,1.6947642103058399e-09,1.8171882506804754e-09,9.419269333365422e-08,5.483350121497583e-07
400,8.0,772.2149177222404,1.6005515132675084e-08,2.6730769072012384e-08,-3.2347239902739365e-12,3.234381920077734e-12,-3.2627200823406065e-11,3.194002143030053e-11,-1.8787181682500658e-16,-4.807079134606277e-08,5.335194850710447e-09,2.3335780545639065e-06,1.786436962537225e-06,1.3874073126196748e-06,9.993681740746336e-07,3.8665213074219245e-06,-2.7548800656285515e-09,1.2734871526266583e-09,-2.1671030956121777e-09,1.6954058027970187e-09,1.8171882469266372e-09,9.322650256875299e-08,5.484422476143941e-07
401,8.020000000000007,772.2224317810982,1.584757611596815e-08,2.6468415403548108e-08,-3.2242449050016437e-12,3.2239028671473455e-12,-3.234710492690759e-11,3.166240033975128e-11,-1.882388108042253e-16,-4.759785471237849e-08,5.282548427726169e-09,2.3335780545639065e-06,1.786436962537225e-06,1.3874073126196748e-06,9.996867049871201e-07,3.867053299266681e-06,-2.7549446553174514e-09,1.2735517354745305e-09,-2.167752838669632e-09,1.6960418270147194e-09,1.8171882431655991e-09,9.226981610816826e-08,5.485484250471785e-07
402,8.040000000000024,772.2298778582696,1.5691169780788753e-08,2.6208581054391078e-08,-3.212930278611048e-12,3.2125882013647106e-12,-3.206940239687521e-11,3.138721408133721e-11,-1.8860392618472606e-16,-4.712948101338667e-08,5.2304128972035336e-09,2.3335780545639065e-06,1.786436962537225e-06,1.3874073126196748e-06,1.000002092446088e-06,3.867580069231261e-06,-2.7550090270694327e-09,1.2736161003852157e-09,-2.1683970037428078e-09,1.6966723231589309e-09,1.8171882393971496e-09,9.132254275090979e-08,5.486535546604279e-07
403,8.060000000000027,772.2372587035214,1.5536216500833228e-08,2.5951134303956756e-08,-3.2014392772375883e-12,3.2010972098149578e-12,-3.18031521616097e-11,3.1123479665738496e-11,-1.8896703749936727e-16,-4.6665432319708424e-08,5.178761718448866e-09,2.3335780545639065e-06,1.786436962537225e-06,1.3874073126196748e-06,1.0003143663089042e-06,3.8681016663848445e-06,-2.7550731707649927e-09,1.2736802372393274e-09,-2.1690357292883455e-09,1.6972974300964017e-09,1.8171882356215002e-09,9.038459361757869e-08,5.487576464065844e-07
404,8.080000000000014,772.2445740421064,1.5382725956064406e-08,2.5696092002553596e-08,-3.1899589314814973e-12,3.189616914975825e-12,-3.1572070234411974e-11,3.089491931470046e-11,-1.8932821870358851e-16,-4.6205738394261126e-08,5.127598117907604e-09,2.3335780545639065e-06,1.786436962537225e-06,1.3874073126196748e-06,1.000623555733473e-06,3.868618138647909e-06,-2.7551370847469115e-09,1.2737441443805753e-09,-2.1696694815123324e-09,1.6979176140862058e-09,1.817188231838651e-09,8.945588191043959e-08,5.488607100049479e-07
405,8.099999999999993,772.2518231449947,1.523072125715011e-08,2.544349335082783e-08,-3.1787824325000293e-12,3.178440464667889e-12,-3.134218602046928e-11,3.0667578928330494e-11,-1.8969224013008375e-16,-4.575046926780756e-08,5.076929798581843e-09,2.3335780545639065e-06,1.786436962537225e-06,1.3874073126196748e-06,1.0009296902056047e-06,3.869129534501442e-06,-2.755200772160646e-09,1.2738078249543716e-09,-2.170298624074812e-09,1.6985332390686355e-09,1.8171882280483904e-09,8.853631983381991e-08,5.489627552841127e-07
406,8.12,772.2590068134779,1.5080180602386834e-08,2.519330280018663e-08,-3.1675040266438796e-12,3.167162108053745e-12,-3.111306190600306e-11,3.0441014557537366e-11,-1.9005822678342728e-16,-4.5299560316698215e-08,5.026749493450062e-09,2.3335780545639065e-06,1.786436962537225e-06,1.3874073126196748e-06,1.0012327992242002e-06,3.869635902462953e-06,-2.755264235025099e-09,1.2738712809800988e-09,-2.1709231765541036e-09,1.6991443250034943e-09,1.81718822425093e-09,8.762581953797454e-08,5.49063792077033e-07
407,8.14000000000001,772.2661278471498,1.493102387924906e-08,2.4945387710691775e-08,-3.156902801793499e-12,3.1565608753881397e-12,-3.088365312841978e-11,3.0214159308857345e-11,-1.9042256896145944e-16,-4.485277206285522e-08,4.9770304990828654e-09,2.3335780545639065e-06,1.786436962537225e-06,1.3874073126196748e-06,1.0015329112690167e-06,3.870137289368062e-06,-2.7553274790933184e-09,1.2739345182099332e-09,-2.1715431437043915e-09,1.6997508767421585e-09,1.817188220446058e-09,8.672429621417855e-08,5.491638298769584e-07
408,8.160000000000025,772.2731844113306,1.4783306036786562e-08,2.4699840249675413e-08,-3.1463688698926866e-12,3.1460269194429153e-12,-3.0657751678638247e-11,2.999081966407442e-11,-1.9078500137369199e-16,-4.441026995305373e-08,4.927791131341717e-09,2.3335780545639065e-06,1.786436962537225e-06,1.3874073126196748e-06,1.0018300545681773e-06,3.870633741647666e-06,-2.755390511809877e-09,1.2739975440878817e-09,-2.1721585577525266e-09,1.7003529265318884e-09,1.8171882166339861e-09,8.583166579401876e-08,5.492628780932627e-07
409,8.180000000000014,772.2801765060202,1.463702854480699e-08,2.445666356568339e-08,-3.1359023726989242e-12,3.1355603684123278e-12,-3.0468882082170345e-11,2.980452014141847e-11,-1.9114682101517984e-16,-4.397205909556147e-08,4.879031880162985e-09,2.3335780545639065e-06,1.786436962537225e-06,1.3874073126196748e-06,1.0021242579139931e-06,3.871125306685819e-06,-2.755453334522404e-09,1.2740603599607602e-09,-2.1727698240901713e-09,1.700950879929943e-09,1.8171882128147146e-09,8.494784250353309e-08,5.493609463233777e-07
410,8.20000000000002,772.2871068153631,1.4492115879485672e-08,2.421573259492255e-08,-3.126508364027589e-12,3.126166297546353e-12,-3.028410453331897e-11,2.9622314221014066e-11,-1.915075064941108e-16,-4.353791372168533e-08,4.830727571163447e-09,2.3335780545639065e-06,1.786436962537225e-06,1.3874073126196748e-06,1.0024155493582362e-06,3.8716120306474255e-06,-2.755515958629845e-09,1.2741229772274198e-09,-2.1733773539562686e-09,1.7015451482735674e-09,1.8171882089882432e-09,8.407274277536033e-08,5.49458043917891e-07
411,8.220000000000033,772.29397507117,1.4348577112497979e-08,2.3977063110416357e-08,-3.118123717455665e-12,3.1177816021684485e-12,-3.010261781836969e-11,2.9443387244600455e-11,-1.9186669296048225e-16,-4.310786168704513e-08,4.782881228686555e-09,2.3335780545639065e-06,1.786436962537225e-06,1.3874073126196748e-06,1.0027039562881563e-06,3.872093958604479e-06,-2.7555784049505763e-09,1.274185416706417e-09,-2.1739812211796923e-09,1.702135805288224e-09,1.8171882051545721e-09,8.32062850212725e-08,5.495541800058895e-07
412,8.240000000000023,772.3007805618075,1.4206434034798856e-08,2.3740692051694853e-08,-3.1103805694984353e-12,3.1100384076880673e-12,-2.992201699545449e-11,2.926534532310173e-11,-1.9222439155257627e-16,-4.268196899644749e-08,4.73550011601241e-09,2.3335780545639065e-06,1.786436962537225e-06,1.3874073126196748e-06,1.002989506399629e-06,3.8725711361561e-06,-2.75564068999327e-09,1.2742476949065156e-09,-2.174581467527849e-09,1.7027228926139006e-09,1.8171882013137012e-09,8.234838671443797e-08,5.496493638193365e-07
413,8.260000000000012,772.3075240501998,1.4065666435000395e-08,2.3506586410338038e-08,-3.103384647927683e-12,3.1030424287936125e-12,-2.974232885486687e-11,2.9088219425031842e-11,-1.9258061184538247e-16,-4.226017569698018e-08,4.688577495871332e-09,2.3335780545639065e-06,1.786436962537225e-06,1.3874073126196748e-06,1.0032722274043269e-06,3.87304360894072e-06,-2.7557028276454543e-09,1.2743098257148804e-09,-2.1751781109864244e-09,1.7033064282613815e-09,1.8171881974656305e-09,8.149896526750417e-08,5.497436045954553e-07
414,8.280000000000001,772.314208201893,1.3926200215696589e-08,2.3274623408336297e-08,-3.0976112569595136e-12,3.0972690173064937e-12,-2.956251299924301e-11,2.8910966865185092e-11,-1.9293572335586383e-16,-4.184226021192669e-08,4.642088669203343e-09,2.3335780545639065e-06,1.786436962537225e-06,1.3874073126196748e-06,1.0035521460708336e-06,3.873511421038906e-06,-2.7557648376044573e-09,1.2743718288293414e-09,-2.175771159404873e-09,1.7038864201242834e-09,1.8171881936105718e-09,8.065794090841557e-08,5.498369112571059e-07
415,8.300000000000002,772.320831270054,1.3788086100264003e-08,2.3044888146049483e-08,-3.092817686857624e-12,3.0924754262455268e-12,-2.938366573141182e-11,2.8734685431629827e-11,-1.9328945793930188e-16,-4.142837527421544e-08,4.596050543751763e-09,2.3335780545639065e-06,1.786436962537225e-06,1.3874073126196748e-06,1.0038292889339933e-06,3.87397461615445e-06,-2.7558267418939826e-09,1.274433726273777e-09,-2.176360621192114e-09,1.7044628766472516e-09,1.8171881897483134e-09,7.98252345535541e-08,5.499292926492355e-07
416,8.320000000000014,772.3273932546836,1.3651325387960317e-08,2.2817383408805065e-08,-3.0889341367029414e-12,3.08859183080553e-12,-2.9205129938794685e-11,2.8558718003312787e-11,-1.9364181317056226e-16,-4.101852540148556e-08,4.550463552603338e-09,2.3335780545639065e-06,1.786436962537225e-06,1.3874073126196748e-06,1.0041036830488757e-06,3.874433238869999e-06,-2.755888559412182e-09,1.2744955369463475e-09,-2.1769465091487215e-09,1.7050358106816015e-09,1.8171881858790668e-09,7.900076554679659e-08,5.500207577901991e-07
417,8.340000000000012,772.3338967358453,1.3515847293342468e-08,2.259199188518622e-08,-3.084718115962755e-12,3.084375762337895e-12,-2.9026695673188143e-11,2.838285385079986e-11,-1.9399268809290436e-16,-4.061249890099579e-08,4.505304100635729e-09,2.3335780545639065e-06,1.786436962537225e-06,1.3874073126196748e-06,1.0043753547756887e-06,3.874887332622939e-06,-2.7559502959345503e-09,1.274557266622279e-09,-2.177528827404828e-09,1.7056052264001426e-09,1.8171881820026206e-09,7.818445530377187e-08,5.501113154667315e-07
418,8.36000000000001,772.3403414557505,1.3381660235827731e-08,2.2368728184008593e-08,-3.0803420963492264e-12,3.079999731278307e-12,-2.8850725487234553e-11,2.8209455595609446e-11,-1.9434346614785132e-16,-4.021032160755414e-08,4.46057499431799e-09,2.3335780545639065e-06,1.786436962537225e-06,1.3874073126196748e-06,1.0046443298509804e-06,3.8753369398236305e-06,-2.756011946536861e-09,1.274618910377215e-09,-2.178107601616426e-09,1.7061711494946066e-09,1.8171881781191863e-09,7.737622709868645e-08,5.50200974257681e-07
419,8.380000000000026,772.3467267303593,1.3248784545237188e-08,2.21476267586882e-08,-3.076122048419524e-12,3.075779689235001e-12,-2.8677982081144763e-11,2.8039286134438824e-11,-1.946945307002765e-16,-3.981205508117609e-08,4.416283010251042e-09,2.3335780545639065e-06,1.786436962537225e-06,1.3874073126196748e-06,1.0049106342987912e-06,3.875782103373058e-06,-2.756073511178456e-09,1.2746804681714203e-09,-2.1786828886920596e-09,1.7067336369119075e-09,1.817188174228764e-09,7.657600333179852e-08,5.502897428377267e-07
420,8.400000000000015,772.3530533096714,1.311720073085279e-08,2.1928655713480243e-08,-3.071548027022643e-12,3.0712056969736775e-12,-2.8507812386835253e-11,2.787169230516703e-11,-1.950453794138672e-16,-3.9417641438407674e-08,4.372421651531739e-09,2.3335780545639065e-06,1.786436962537225e-06,1.3874073126196748e-06,1.005174294151552e-06,3.87622286619778e-06,-2.756134987879397e-09,1.2747419380252823e-09,-2.1792547466367566e-09,1.7072927466963033e-09,1.8171881703313536e-09,7.578370636660313e-08,5.503776298843444e-07
421,8.420000000000009,772.3593238140733,1.2986837616131414e-08,2.1711697006290446e-08,-3.065242962194435e-12,3.064900693111201e-12,-2.833758949902494e-11,2.7704046895140073e-11,-1.9540054875462194e-16,-3.9026867734803864e-08,4.328967192655457e-09,2.3335780545639065e-06,1.786436962537225e-06,1.3874073126196748e-06,1.0054353345350218e-06,3.876659269724977e-06,-2.75619635578912e-09,1.2748032990891832e-09,-2.1798232006556765e-09,1.7078485040883063e-09,1.8171881664269552e-09,7.499926127487125e-08,5.504646437727863e-07
422,8.440000000000007,772.3655365263243,1.2857743755813886e-08,2.1496832091380502e-08,-3.0581058039572674e-12,3.0577636273692615e-12,-2.816733557758519e-11,2.7536372252140505e-11,-1.9575493906695635e-16,-3.8639880164467006e-08,4.285935818529633e-09,2.3335780545639065e-06,1.786436962537225e-06,1.3874073126196748e-06,1.0056937803487413e-06,3.877091355015954e-06,-2.756257589276832e-09,1.2748645257323879e-09,-2.180388249906445e-09,1.708400908279779e-09,1.817188162515357e-09,7.422259379587862e-08,5.505507928028982e-07
423,8.460000000000015,772.3716914464269,1.2729920296497393e-08,2.1284063428541987e-08,-3.0501999342461942e-12,3.0498578834508423e-12,-2.7997051227463066e-11,2.736866897289025e-11,-1.9610790349685797e-16,-3.825668271597948e-08,4.243327911353467e-09,2.3335780545639065e-06,1.786436962537225e-06,1.3874073126196748e-06,1.0059496569892645e-06,3.877519163971153e-06,-2.7563186723340335e-09,1.2749256019474962e-09,-2.18094989377454e-09,1.7089499586920296e-09,1.8171881585967709e-09,7.345362816707384e-08,5.50636085440197e-07
424,8.48000000000002,772.3777910791828,1.260330017427633e-08,2.1073279785378225e-08,-3.041890808427387e-12,3.0415488427519283e-12,-2.782672821428587e-11,2.7200928700806818e-11,-1.96461211954338e-16,-3.787707473821161e-08,4.201121116497478e-09,2.3335780545639065e-06,1.786436962537225e-06,1.3874073126196748e-06,1.0062029891939724e-06,3.877942737403292e-06,-2.7563795932416004e-09,1.2749865160147581e-09,-2.1815081315689937e-09,1.7094956546687666e-09,1.817188154670985e-09,7.269229059253174e-08,5.507205299304755e-07
425,8.500000000000021,772.3838351743248,1.247789127743145e-08,2.086449482363065e-08,-3.0330283748863135e-12,3.0326864526237293e-12,-2.7656367995523966e-11,2.7033152896577227e-11,-1.9681488934051193e-16,-3.750108041061441e-08,4.159318063388465e-09,2.3335780545639065e-06,1.786436962537225e-06,1.3874073126196748e-06,1.0064538011084895e-06,3.878362115149382e-06,-2.756440342433566e-09,1.275047258367712e-09,-2.182062962531077e-09,1.7100379954847405e-09,1.817188150738211e-09,7.193850904104343e-08,5.508041343222744e-07
426,8.520000000000012,772.3898230677646,1.2353712764559338e-08,2.065774099140165e-08,-3.023529568902728e-12,3.0231875936556863e-12,-2.748901059009755e-11,2.6868381601417894e-11,-1.9716735041769671e-16,-3.7128757726055685e-08,4.11792513822596e-09,2.3335780545639065e-06,1.786436962537225e-06,1.3874073126196748e-06,1.0067021171489092e-06,3.878777337507532e-06,-2.7565009080129292e-09,1.2751078171081747e-09,-2.1826144163168952e-09,1.7105770108297203e-09,1.817188146798449e-09,7.119221065967708e-08,5.508869067542905e-07
427,8.540000000000017,772.3957554696242,1.223074659474255e-08,2.0452988727893674e-08,-3.0138677085310245e-12,3.0135254603434777e-12,-2.732698875243047e-11,2.6708947575898326e-11,-1.9751864093299713e-16,-3.6760053069066564e-08,4.076936327373674e-09,2.3335780545639065e-06,1.786436962537225e-06,1.3874073126196748e-06,1.0069479617425024e-06,3.879188444804725e-06,-2.7565612819858164e-09,1.2751681842387146e-09,-2.183162576310278e-09,1.7111127841214937e-09,1.8171881428514872e-09,7.045332255172568e-08,5.509688553689465e-07
428,8.56000000000001,772.4016348609573,1.2108927020980744e-08,2.0250128925300165e-08,-3.0056985281000435e-12,3.005356050910174e-12,-2.7166846918852106e-11,2.6551395297229497e-11,-1.9786896142595753e-16,-3.639476966946944e-08,4.036329715156294e-09,2.3335780545639065e-06,1.786436962537225e-06,1.3874073126196748e-06,1.0071913584786594e-06,3.879595475981257e-06,-2.7566214776481037e-09,1.275228373053827e-09,-2.183707514666997e-09,1.7116453875502247e-09,1.8171881388975374e-09,6.97217743243406e-08,5.510499880293718e-07
429,8.58000000000001,772.4074596158375,1.1988298814259036e-08,2.0049236701448344e-08,-2.9979379161051694e-12,2.9975952168117607e-12,-2.7007007215326962e-11,2.63941468518237e-11,-1.9821841413838458e-16,-3.603304233966406e-08,3.996120225237904e-09,2.3335780545639065e-06,1.786436962537225e-06,1.3874073126196748e-06,1.0074323307370119e-06,3.879998469637525e-06,-2.7566815140127164e-09,1.2752884025665044e-09,-2.184249253208315e-09,1.7121748429717154e-09,1.8171881349365996e-09,6.899749620424922e-08,5.511303125287757e-07
430,8.600000000000005,772.4132297342616,1.186886298560559e-08,1.9850314226752715e-08,-2.9905862625097282e-12,2.9902433542587466e-12,-2.68471875101977e-11,2.6236920100248714e-11,-1.9856849554317527e-16,-3.5674874598099605e-08,3.956308194627947e-09,2.3335780545639065e-06,1.786436962537225e-06,1.3874073126196748e-06,1.0076709023550104e-06,3.880397465146807e-06,-2.7567413992543692e-09,1.275348280952215e-09,-2.184787795155499e-09,1.7127011536412359e-09,1.8171881309686737e-09,6.828041703487178e-08,5.512098368129744e-07
431,8.620000000000012,772.4189476357818,1.17505561261748e-08,1.965325628341228e-08,-2.9833723706424273e-12,2.983029455174205e-12,-2.6682441850863684e-11,2.607472101451371e-11,-1.989190426216554e-16,-3.532007663557223e-08,3.9168724886560495e-09,2.3335780545639065e-06,1.786436962537225e-06,1.3874073126196748e-06,1.0079070965461283e-06,3.880792500851908e-06,-2.75680113884066e-09,1.2754080136803094e-09,-2.185323091449035e-09,1.7132242700523837e-09,1.8171881269937599e-09,6.757046752253483e-08,5.512885686198073e-07
432,8.640000000000002,772.4246130786437,1.163338561878068e-08,1.9458075638487303e-08,-2.9763434662489887e-12,2.9760007311898073e-12,-2.651255164469081e-11,2.5907326484368602e-11,-1.9927176216629553e-16,-3.4968671058513206e-08,3.877815568412367e-09,2.3335780545639065e-06,1.786436962537225e-06,1.3874073126196748e-06,1.0081409359635778e-06,3.881183614171127e-06,-2.7568607359992077e-09,1.275467603982173e-09,-2.1858550413839062e-09,1.7137440905273722e-09,1.817188123011858e-09,6.68675800455943e-08,5.513665155003779e-07
433,8.660000000000018,772.4302254213676,1.1517369487029332e-08,1.9264802777262133e-08,-2.969645465673482e-12,2.9693030455528933e-12,-2.6346316894296174e-11,2.5743571630319427e-11,-1.9962765132830293e-16,-3.462071241756566e-08,3.839143440585946e-09,2.3335780545639065e-06,1.786436962537225e-06,1.3874073126196748e-06,1.008372443514636e-06,3.881570842955285e-06,-2.756920195888443e-09,1.2755270570199404e-09,-2.186383630069273e-09,1.7142605995085195e-09,1.817188119022968e-09,6.617168621083296e-08,5.51443685090468e-07
434,8.679999999999996,772.4357853473232,1.1402490679328585e-08,1.9073409707363262e-08,-2.962705211779434e-12,2.9623631971414574e-12,-2.6183362459608573e-11,2.5583093917422462e-11,-1.9998378158763238e-16,-3.427614999704097e-08,3.800850420889774e-09,2.3335780545639065e-06,1.786436962537225e-06,1.3874073126196748e-06,1.0086016421162995e-06,3.881954225080131e-06,-2.7569795193952094e-09,1.2755863736823673e-09,-2.186908926862734e-09,1.7147738661639964e-09,1.8171881150268784e-09,6.548271758668764e-08,5.515200850290826e-07
435,8.70000000000002,772.4412952440994,1.1288687233815707e-08,1.888379354113064e-08,-2.9539528273454876e-12,2.9536111105036353e-12,-2.6015058380369125e-11,2.5417246031607167e-11,-2.003398193114017e-16,-3.393479827649895e-08,3.762915855957999e-09,2.3335780545639065e-06,1.786436962537225e-06,1.3874073126196748e-06,1.0088285538954313e-06,3.882333797112616e-06,-2.75703868597557e-09,1.2756455334254438e-09,-2.187430911071063e-09,1.7152838695634872e-09,1.817188111023589e-09,6.480060810395141e-08,5.515957226918512e-07
436,8.719999999999997,772.4467535470152,1.1176001239854999e-08,1.8696024890765148e-08,-2.9445561912534006e-12,2.944214722022239e-12,-2.5844783530899258e-11,2.5249418202265286e-11,-2.0069578347242345e-16,-3.359678399832191e-08,3.725353775195425e-09,2.3335780545639065e-06,1.786436962537225e-06,1.3874073126196748e-06,1.0090532007801676e-06,3.8827095952969345e-06,-2.7570976710655688e-09,1.275704511683769e-09,-2.1879495094900727e-09,1.7157905362058254e-09,1.8171881070133114e-09,6.4125292281204e-08,5.516706053881626e-07
437,8.740000000000006,772.4521602560744,1.1064433587761368e-08,1.8510105668729457e-08,-2.9343398303929584e-12,2.933998592813683e-12,-2.567241913587196e-11,2.5079491644135675e-11,-2.0105170030540866e-16,-3.326211026208283e-08,3.688164475373085e-09,2.3335780545639065e-06,1.786436962537225e-06,1.3874073126196748e-06,1.0092756051284438e-06,3.88308165660253e-06,-2.757156460025936e-09,1.2757632938169173e-09,-2.188464681516815e-09,1.7162938253042896e-09,1.8171881029958342e-09,6.345670333859967e-08,5.517447405706684e-07
438,8.760000000000048,772.4575176949041,1.0953924609243956e-08,1.8325936879953433e-08,-2.926064030320703e-12,2.9257228991014983e-12,-2.5428608641914244e-11,2.483793683242242e-11,-2.0140647042960361e-16,-3.293059834772893e-08,3.651328072878655e-09,2.3335780545639065e-06,1.786436962537225e-06,1.3874073126196748e-06,1.0094957887104144e-06,3.883450017028018e-06,-2.757215064064611e-09,1.2758218910318367e-09,-2.1889756917945547e-09,1.7167929995890562e-09,1.8171880989711571e-09,6.279477625250015e-08,5.51818135496151e-07
439,8.780000000000024,772.4628256313338,1.0844481186980997e-08,1.8143530393900813e-08,-2.919410087978993e-12,2.9190689870739356e-12,-2.5121154187951866e-11,2.4532573131035688e-11,-2.0175892235739717e-16,-3.260226931832238e-08,3.6148468613573193e-09,2.3335780545639065e-06,1.786436962537225e-06,1.3874073126196748e-06,1.0097137727683764e-06,3.883814711700756e-06,-2.757273518805682e-09,1.2758803389506984e-09,-2.1894811894228433e-09,1.7172867046886902e-09,1.817188094939492e-09,6.21394475758404e-08,5.518907972454933e-07
440,8.800000000000006,772.4680834493133,1.0736120209604974e-08,1.7962914753666156e-08,-2.9136207935333434e-12,2.913279671401495e-12,-2.482161290106224e-11,2.4235003481041362e-11,-2.0211003134000046e-16,-3.227717427943101e-08,3.5787264688120804e-09,2.3335780545639065e-06,1.786436962537225e-06,1.3874073126196748e-06,1.009929578782342e-06,3.8841757761522315e-06,-2.757331849114649e-09,1.2759386624372832e-09,-2.189980617093812e-09,1.7177743804548106e-09,1.817188090900839e-09,6.149065313986346e-08,5.519627329787949e-07
441,8.820000000000029,772.4732918044703,1.0628825591633792e-08,1.7784063471610706e-08,-2.9084178370377755e-12,2.9080766610923405e-12,-2.4603356516579284e-11,2.401867523621115e-11,-2.0246463271696396e-16,-3.195526536919599e-08,3.542961530872511e-09,2.3335780545639065e-06,1.786436962537225e-06,1.3874073126196748e-06,1.0101432282403547e-06,3.884533245934485e-06,-2.757390069500762e-09,1.275996876000608e-09,-2.1904748667879995e-09,1.7182569172419837e-09,1.8171880868551978e-09,6.084832874337646e-08,5.520339498587919e-07
442,8.84,772.4784529874593,1.0522539027050166e-08,1.760687947889076e-08,-2.9028269217108095e-12,2.9024857203513464e-12,-2.4382730835061547e-11,2.380019853401836e-11,-2.0281802156367197e-16,-3.16363680329318e-08,3.507532603311296e-09,2.3335780545639065e-06,1.786436962537225e-06,1.3874073126196748e-06,1.0103547418865412e-06,3.8848871553639895e-06,-2.757448181948196e-09,1.2760549816244225e-09,-2.190964727661439e-09,1.7187351059796854e-09,1.817188082802357e-09,6.02124124093561e-08,5.521044548001336e-07
443,8.860000000000014,772.4835654971238,1.0417300030878953e-08,1.7431429192598805e-08,-2.8974867376721034e-12,2.89714549950201e-12,-2.4152962872942644e-11,2.3572627186849816e-11,-2.0317096879460932e-16,-3.132060120701007e-08,3.4724528636275144e-09,2.3335780545639065e-06,1.786436962537225e-06,1.3874073126196748e-06,1.0105641402771206e-06,3.885237538450705e-06,-2.7575061850847577e-09,1.276112977936621e-09,-2.1914500845985413e-09,1.7192088342368944e-09,1.817188078742528e-09,5.958284271695625e-08,5.52174254654803e-07
444,8.880000000000013,772.4886293334663,1.0313109386264184e-08,1.725771429600722e-08,-2.8927390546184526e-12,2.892397768094712e-12,-2.3936039826138964e-11,2.3357948396856716e-11,-2.035223963862555e-16,-3.1007967618902233e-08,3.437722572869027e-09,2.3335780545639065e-06,1.786436962537225e-06,1.3874073126196748e-06,1.0107714443712921e-06,3.885584429885591e-06,-2.75756408734266e-09,1.276170873369297e-09,-2.191930974625446e-09,1.7196781399927316e-09,1.8171880746754993e-09,5.895955702869714e-08,5.52243356409168e-07
445,8.899999999999995,772.4936467237285,1.020991097671128e-08,1.70856414975949e-08,-2.8865219420660467e-12,2.88618058680761e-12,-2.374846632818972e-11,2.3172695869935014e-11,-2.0387334704652845e-16,-3.0698299183179716e-08,3.4033230245603493e-09,2.3335780545639065e-06,1.786436962537225e-06,1.3874073126196748e-06,1.0109766745749217e-06,3.885927863443526e-06,-2.7576218799525706e-09,1.276228659152846e-09,-2.1924078196869565e-09,1.720143446435399e-09,1.8171880706014826e-09,5.834249436067688e-08,5.523117668651422e-07
446,8.92000000000001,772.4986174453755,1.0107711218728058e-08,1.6915221858889212e-08,-2.878794573195496e-12,2.8784531206814442e-12,-2.356726488019376e-11,2.2993889216465068e-11,-2.0422317396544365e-16,-3.039161551391283e-08,3.369256357634983e-09,2.3335780545639065e-06,1.786436962537225e-06,1.3874073126196748e-06,1.0111798507968762e-06,3.886267872077092e-06,-2.757679533117565e-09,1.2762863054899208e-09,-2.192880976999102e-09,1.7206051122862634e-09,1.8171880665204779e-09,5.7731595213705477e-08,5.523794926589642e-07
447,8.940000000000023,772.5035409079068,1.0006525930170855e-08,1.6746482134567778e-08,-2.8705109498134156e-12,2.870169379446019e-12,-2.338928394729785e-11,2.2818369206579505e-11,-2.045715717143267e-16,-3.008796444882633e-08,3.3355278449702903e-09,2.3335780545639065e-06,1.786436962537225e-06,1.3874073126196748e-06,1.0113809931683653e-06,3.886604489117027e-06,-2.7577370261730032e-09,1.2763437917149221e-09,-2.1933505424873044e-09,1.721063234870494e-09,1.8171880624324851e-09,5.712679941407772e-08,5.524465405009904e-07
448,8.96,772.5084177387637,9.906339966645324e-09,1.6579397412718392e-08,-2.8618329410737004e-12,2.8614912798116116e-12,-2.321382068296819e-11,2.2645413352989613e-11,-2.04923073210916e-16,-2.97873008645433e-08,3.302132439093854e-09,2.3335780545639065e-06,1.786436962537225e-06,1.3874073126196748e-06,1.0115801218273333e-06,3.886937747912499e-06,-2.757794349611788e-09,1.2764011083215147e-09,-2.1938165735335994e-09,1.7215178726960892e-09,1.8171880583375043e-09,5.652804676094467e-08,5.52512917103831e-07
449,8.980000000000011,772.5132501301166,9.807098564444316e-09,1.6413876674124906e-08,-2.854095894828361e-12,2.8537543145802616e-12,-2.303705463505475e-11,2.2471132545615604e-11,-2.0527332163990052e-16,-2.9489460657366635e-08,3.269051887740455e-09,2.3335780545639065e-06,1.786436962537225e-06,1.3874073126196748e-06,1.0117772562126443e-06,3.887267680653368e-06,-2.7578515089002463e-09,1.2764582607774586e-09,-2.1942790822867685e-09,1.7219690381550755e-09,1.8171880542355355e-09,5.5935279145725266e-08,5.525786289470993e-07
450,9.000000000000009,772.5180366453493,9.708838758957034e-09,1.624998203272632e-08,-2.846260520981448e-12,2.845919100297413e-12,-2.28610800874307e-11,2.2297666057574398e-11,-2.0562267310453662e-16,-2.9194555365140308e-08,3.236298534530104e-09,2.3335780545639065e-06,1.786436962537225e-06,1.3874073126196748e-06,1.0119724155858783e-06,3.887594319240436e-06,-2.7579085124642383e-09,1.2765152575116075e-09,-2.1947380636339093e-09,1.7224167261411074e-09,1.8171880501265787e-09,5.534843898550026e-08,5.52643682451322e-07
451,9.02000000000002,772.5227772844657,9.611561238343636e-09,1.6087714968472524e-08,-2.8383268203976453e-12,2.8379856385987156e-12,-2.268589779617057e-11,2.2125014643994215e-11,-2.0597090334412077e-16,-2.8902587385360804e-08,3.2038726088495418e-09,2.3335780545639065e-06,1.786436962537225e-06,1.3874073126196748e-06,1.0121656195858513e-06,3.887917696210448e-06,-2.7579653583378006e-09,1.2765720965589964e-09,-2.1951935334128438e-09,1.7228609529481233e-09,1.8171880460106339e-09,5.4767467557994955e-08,5.527080841627558e-07
452,9.040000000000013,772.5274741764625,9.515213286397125e-09,1.5926987829914084e-08,-2.8315821350087917e-12,2.831241123743084e-12,-2.251091720651204e-11,2.195255125998451e-11,-2.0631980771343002e-16,-2.8613398742893367e-08,3.1717565398597512e-09,2.3335780545639065e-06,1.786436962537225e-06,1.3874073126196748e-06,1.0123568873310986e-06,3.888237843238432e-06,-2.7580220574273294e-09,1.2766287888266198e-09,-2.195645501562868e-09,1.723301728607163e-09,1.817188041887701e-09,5.419230769671258e-08,5.527718404542429e-07
453,9.06000000000001,772.5321271086232,9.419800881219588e-09,1.576781090307786e-08,-2.825898545482037e-12,2.825557654767238e-12,-2.2336261652950827e-11,2.178040407964874e-11,-2.0666934901573927e-16,-2.8327007699262337e-08,3.1399523200982534e-09,2.3335780545639065e-06,1.786436962537225e-06,1.3874073126196748e-06,1.0125462374727748e-06,3.888554791225762e-06,-2.758078632234255e-09,1.276685356814405e-09,-2.1960939733514688e-09,1.7237390581605592e-09,1.81718803775778e-09,5.362290363229114e-08,5.528349575428424e-07
454,9.080000000000004,772.5367355164897,9.325338836900755e-09,1.5610209302103002e-08,-2.8211477353533228e-12,2.8208069528581883e-12,-2.2162019121320496e-11,2.1608551030690198e-11,-2.0701773008991971e-16,-2.804345901440684e-08,3.1084648912939767e-09,2.3335780545639065e-06,1.786436962537225e-06,1.3874073126196748e-06,1.0127336888699559e-06,3.888868571427813e-06,-2.7581351026968857e-09,1.2767418204604812e-09,-2.196538956159267e-09,1.7241729477116625e-09,1.8171880336208712e-09,5.3059198965154606e-08,5.528974417149563e-07
455,9.100000000000039,772.5412999993331,9.23181288568741e-09,1.5454159449139166e-08,-2.8169131119767523e-12,2.8165724062252314e-12,-2.198763929918294e-11,2.1436539621980885e-11,-2.073640773824273e-16,-2.776271018132051e-08,3.077289494240958e-09,2.3335780545639065e-06,1.786436962537225e-06,1.3874073126196748e-06,1.012919260387182e-06,3.8891792151153266e-06,-2.7581914833054145e-09,1.2767981942540722e-09,-2.196980452743567e-09,1.7246033986181899e-09,1.8171880294769742e-09,5.250113727319635e-08,5.529592992588118e-07
456,9.120000000000022,772.5458226508839,9.139171584351078e-09,1.5299575735678507e-08,-2.8121827017845798e-12,2.811841977810432e-12,-2.1814448643765256e-11,2.1265716612914212e-11,-2.0770679861957544e-16,-2.7484607020083206e-08,3.0464089805151867e-09,2.3335780545639065e-06,1.786436962537225e-06,1.3874073126196748e-06,1.0131029702318823e-06,3.889486752467174e-06,-2.7582477742635526e-09,1.2768544783979125e-09,-2.197418473623036e-09,1.7250304211805385e-09,1.817188025326301e-09,5.194866410118277e-08,5.530205362435592e-07
457,9.140000000000015,772.5503020990411,9.047449650413291e-09,1.514651641494474e-08,-2.807737603619583e-12,2.807396807403766e-12,-2.1642368417091225e-11,2.1096007941312866e-11,-2.08045675935788e-16,-2.7209254078506058e-08,3.0158349224657074e-09,2.3335780545639065e-06,1.786436962537225e-06,1.3874073126196748e-06,1.01328483644423e-06,3.88979121338868e-06,-2.758303973466423e-09,1.2769106707857647e-09,-2.197853041793559e-09,1.7254540384260807e-09,1.8171880211688516e-09,5.140172549019708e-08,5.53081158682589e-07
458,9.160000000000016,772.5547383438002,8.956647687985073e-09,1.4994982786823983e-08,-2.803395908334177e-12,2.8030549822477334e-12,-2.147074427954442e-11,2.0926759262648293e-11,-2.0838072367164714e-16,-2.6936653461948466e-08,2.9855675214631172e-09,2.3335780545639065e-06,1.786436962537225e-06,1.3874073126196748e-06,1.013464877417614e-06,3.890092628380698e-06,-2.758360084801484e-09,1.2769667753036613e-09,-2.198284172920587e-09,1.7258742660981203e-09,1.8171880170046258e-09,5.0860266414792496e-08,5.531411727070283e-07
459,9.180000000000023,772.5591334170763,8.866716194929073e-09,1.4844892469777643e-08,-2.7992164254266606e-12,2.798875429496758e-12,-2.1285024913748258e-11,2.0743422112668273e-11,-2.0871370373691148e-16,-2.666665678889177e-08,2.9555902766957866e-09,2.3335780545639065e-06,1.786436962537225e-06,1.3874073126196748e-06,1.0136431110564432e-06,3.890391027133264e-06,-2.75841611092503e-09,1.2770227946077788e-09,-2.198711730612546e-09,1.7262909679118736e-09,1.8171880128336239e-09,5.0324233312283914e-08,5.532005842850098e-07
460,9.200000000000014,772.5634871158459,8.777660741193462e-09,1.4696255037565933e-08,-2.7951934634960752e-12,2.7948524530066345e-12,-2.1087325933728392e-11,2.0548111815771835e-11,-2.0904389142690021e-16,-2.6399281059409915e-08,2.925905044822948e-09,2.3335780545639065e-06,1.786436962537225e-06,1.3874073126196748e-06,1.0138195548258043e-06,3.890686438608337e-06,-2.7584720550240234e-09,1.2770787318866038e-09,-2.199135454120931e-09,1.7267038832511577e-09,1.8171880086560574e-09,4.9793573933801145e-08,5.53259399238225e-07
461,9.22000000000003,772.5677989013997,8.689495175542178e-09,1.4549093890824458e-08,-2.7913115997519697e-12,2.7909706076118643e-12,-2.0888987618426904e-11,2.0352167888852423e-11,-2.0937020843461326e-16,-2.6134568138400174e-08,2.8965164421254634e-09,2.3335780545639065e-06,1.786436962537225e-06,1.3874073126196748e-06,1.0139942263849718e-06,3.890978892097621e-06,-2.758527920074514e-09,1.27713459011721e-09,-2.199555217256467e-09,1.7271128860482043e-09,1.8171880044719264e-09,4.926823544182259e-08,5.533176234530946e-07
462,9.24000000000003,772.5720693451508,8.602206086404249e-09,1.4403386902853852e-08,-2.7872707248872067e-12,2.7869297774235253e-12,-2.0704032984622676e-11,2.0169610068030475e-11,-2.0969300257325867e-16,-2.5872478013890995e-08,2.8674199981899965e-09,2.3335780545639065e-06,1.786436962537225e-06,1.3874073126196748e-06,1.0141671433975912e-06,3.891268416905558e-06,-2.7585837058977776e-09,1.2771903691210602e-09,-2.199971147462461e-09,1.7275181038277732e-09,1.8171880002812309e-09,4.874816498029969e-08,5.533752628174978e-07
463,9.259999999999994,772.5763004435236,8.51574518866466e-09,1.4259053694636215e-08,-2.78202155699963e-12,2.7816807319758842e-12,-2.0532863884560313e-11,2.0000828753047983e-11,-2.1001374196794865e-16,-2.561286591569207e-08,2.8385996183615e-09,2.3335780545639065e-06,1.786436962537225e-06,1.3874073126196748e-06,1.0143383229103415e-06,3.891555041311532e-06,-2.7586393988205853e-09,1.277246055226154e-09,-2.200383516431084e-09,1.7279198082159833e-09,1.8171879960841826e-09,4.823331154100479e-08,5.534323230136632e-07
464,9.280000000000019,772.5804908881851,8.430145008526497e-09,1.4116148843955468e-08,-2.7762511504265294e-12,2.775910492572559e-12,-2.0362809873169668e-11,1.983315868204139e-11,-2.1033146096132808e-16,-2.535582979483598e-08,2.810066144534427e-09,2.3335780545639065e-06,1.786436962537225e-06,1.3874073126196748e-06,1.0145077818123136e-06,3.8918387933369185e-06,-2.7586949815477947e-09,1.2773016311383996e-09,-2.20079247316856e-09,1.7283181480903348e-09,1.8171879918807816e-09,4.7723624583898884e-08,5.534888096712922e-07
465,9.300000000000036,772.5846406791363,8.345406075611207e-09,1.3974673489641443e-08,-2.7699592460985255e-12,2.7696188031532838e-12,-2.0195382328866922e-11,1.9668113396168233e-11,-2.1064807949275394e-16,-2.5101371498405317e-08,2.781819753176429e-09,2.3335780545639065e-06,1.786436962537225e-06,1.3874073126196748e-06,1.0146755373231552e-06,3.8921197015602545e-06,-2.758750443651583e-09,1.277357086431357e-09,-2.2011980550906635e-09,1.7287131608111171e-09,1.8171879876710279e-09,4.7219052570966034e-08,5.535447285302693e-07
466,9.320000000000018,772.5887517519909,8.26148193647436e-09,1.3834550287045862e-08,-2.7638116169075417e-12,2.7634713087872645e-12,-2.0027207303581806e-11,1.950231127699828e-11,-2.1096677027795893e-16,-2.4849351736285615e-08,2.753844960066908e-09,2.3335780545639065e-06,1.786436962537225e-06,1.3874073126196748e-06,1.014841606203276e-06,3.892397793798021e-06,-2.758805781360113e-09,1.2774124173324764e-09,-2.201600280986915e-09,1.7291048650578485e-09,1.8171879834549214e-09,4.671954533861958e-08,5.536000851774017e-07
467,9.340000000000002,772.5928239133472,8.178377779504175e-09,1.3695788141660795e-08,-2.7577417592233907e-12,2.7574015167126427e-12,-1.9859846712871242e-11,1.9337315013678196e-11,-2.1128585005490623e-16,-2.459978633257967e-08,2.7261434946422446e-09,2.3335780545639065e-06,1.786436962537225e-06,1.3874073126196748e-06,1.0150060048004358e-06,3.892673097182308e-06,-2.758860996893881e-09,1.2774676260607313e-09,-2.2019991515271055e-09,1.729493261320755e-09,1.8171879792324621e-09,4.622505395793133e-08,5.536548850619487e-07
468,9.360000000000014,772.5968566500272,8.096106555871396e-09,1.3558408927167537e-08,-2.7515730635194e-12,2.7512328466512843e-12,-1.9695213659952367e-11,1.917503977246305e-11,-2.1160343224455624e-16,-2.435271443122045e-08,2.698719673889309e-09,2.3335780545639065e-06,1.786436962537225e-06,1.3874073126196748e-06,1.0151687496437896e-06,3.892945639152997e-06,-2.758916090041976e-09,1.277522712404365e-09,-2.202394702130765e-09,1.7298783848686166e-09,1.8171879750036501e-09,4.5735528950293035e-08,5.537091336936341e-07
469,9.380000000000003,772.6008505058571,8.014655660001947e-09,1.3422391833870403e-08,-2.745442480936627e-12,2.745102250466294e-12,-1.9528668841682306e-11,1.9010826254037867e-11,-2.1191950877305642e-16,-2.4108098395756555e-08,2.67156929662181e-09,2.3335780545639065e-06,1.786436962537225e-06,1.3874073126196748e-06,1.0153298572659483e-06,3.893215447160607e-06,-2.758971060197499e-09,1.2775776757553362e-09,-2.202786940955879e-09,1.7302602435288813e-09,1.8171879707684854e-09,4.525092082202353e-08,5.537628365833392e-07
470,9.400000000000018,772.6048073808796,7.93397979871148e-09,1.3287661461536867e-08,-2.7399777497573523e-12,2.7396374749813593e-12,-1.9352867628758638e-11,1.883725997208545e-11,-2.1223447429612883e-16,-2.386580236754077e-08,2.6446772674583404e-09,2.3335780545639065e-06,1.786436962537225e-06,1.3874073126196748e-06,1.0154893436205355e-06,3.893482547693561e-06,-2.7590259143997173e-09,1.2776325231525908e-09,-2.203175756320519e-09,1.7306387243911429e-09,1.817187966526968e-09,4.477118181439018e-08,5.5381599904898e-07
471,9.420000000000016,772.6087260299232,7.85410942805257e-09,1.3154268889003826e-08,-2.7353484509198696e-12,2.7350080985435347e-12,-1.9172065035718466e-11,1.8658641693642553e-11,-2.1254780683715837e-16,-2.362591807769333e-08,2.618053736879157e-09,2.3335780545639065e-06,1.786436962537225e-06,1.3874073126196748e-06,1.0156472245128031e-06,3.893746966997066e-06,-2.7590806676618663e-09,1.277687269608326e-09,-2.2035610056472283e-09,1.7310136834078001e-09,1.8171879622790977e-09,4.42962646099379e-08,5.538686263590234e-07
472,9.440000000000023,772.6126064529916,7.775045012325557e-09,1.3022215116285108e-08,-2.7310178089362617e-12,2.730677346049596e-12,-1.8988906212758782e-11,1.847761655406467e-11,-2.1285950488619332e-16,-2.3388447145280965e-08,2.591698859651402e-09,2.3335780545639065e-06,1.786436962537225e-06,1.3874073126196748e-06,1.015803516057207e-06,3.894008731837119e-06,-2.7591353313244466e-09,1.277741926462772e-09,-2.2039426153597606e-09,1.7313850459902774e-09,1.8171879580250865e-09,4.3826120957707996e-08,5.539207238849887e-07
473,9.46000000000001,772.6164504912581,7.696742966143612e-09,1.2891427435310931e-08,-2.7272293960285737e-12,2.7268888562924954e-12,-1.8819416873894295e-11,1.8310353062261926e-11,-2.1316768759705288e-16,-2.315325888644864e-08,2.565598102513186e-09,2.3335780545639065e-06,1.786436962537225e-06,1.3874073126196748e-06,1.0159582339369915e-06,3.894267868262635e-06,-2.7591899137963778e-09,1.2777965021247956e-09,-2.204320698590589e-09,1.7317529256864404e-09,1.8171879537647225e-09,4.3360703897390996e-08,5.539722968546103e-07
474,9.480000000000016,772.6202579607624,7.619208124332941e-09,1.2761914149783373e-08,-2.723780603869664e-12,2.72344001470163e-12,-1.865639574407235e-11,1.8149627149419503e-11,-2.1347254062385495e-16,-2.2920368029299235e-08,2.5397530778393096e-09,2.3335780545639065e-06,1.786436962537225e-06,1.3874073126196748e-06,1.0161113934478964e-06,3.8945244016784866e-06,-2.7592444238965434e-09,1.2778510054135056e-09,-2.204695456716715e-09,1.7321175254885573e-09,1.8171879494982175e-09,4.2899967628233365e-08,5.540233503664139e-07
475,9.50000000000002,772.6240283733609,7.542452597914839e-09,1.2633695726889818e-08,-2.7206316499033916e-12,2.7202910156337028e-12,-1.849339786628475e-11,1.7988965848261993e-11,-2.1377456028470403e-16,-2.268981116195647e-08,2.5141678235786865e-09,2.3335780545639065e-06,1.786436962537225e-06,1.3874073126196748e-06,1.016263010055119e-06,3.894778357777253e-06,-2.759298868019195e-09,1.277905442723809e-09,-2.2050669546528376e-09,1.7324789114185342e-09,1.8171879452257833e-09,4.244386583632074e-08,5.540738895754281e-07
476,9.52000000000003,772.627762245962,7.466464544206394e-09,1.2506752590514275e-08,-2.7175324179773826e-12,2.7171917555004864e-12,-1.8330793132470945e-11,1.7828727197173262e-11,-2.1407369260515762e-16,-2.2461552906617413e-08,2.48883839256823e-09,2.3335780545639065e-06,1.786436962537225e-06,1.3874073126196748e-06,1.0164130992265403e-06,3.895029762260427e-06,-2.759353249660038e-09,1.2779598175515202e-09,-2.205435196562759e-09,1.7328370883489887e-09,1.8171879409472082e-09,4.199235219563477e-08,5.541239196375896e-07
477,9.540000000000022,772.6314613845663,7.391201490735073e-09,1.2381013984596677e-08,-2.713608242370082e-12,2.713267603737821e-12,-1.8166068099822275e-11,1.7666354901860657e-11,-2.14369753661484e-16,-2.2235465835881083e-08,2.463750628755673e-09,2.3335780545639065e-06,1.786436962537225e-06,1.3874073126196748e-06,1.0165616758868898e-06,3.895278639926178e-06,-2.759407561066603e-09,1.2780141221451126e-09,-2.2058001651750535e-09,1.733192039169979e-09,1.8171879366627038e-09,4.1545382008209955e-08,5.541734455278028e-07
478,9.56000000000003,772.6351246056327,7.3166919487883215e-09,1.225652773783855e-08,-2.7094320290366895e-12,2.709091444133174e-12,-1.8005298575245578e-11,1.7507952846378873e-11,-2.1466323863260027e-16,-2.2011635820610745e-08,2.438914034960856e-09,2.3335780545639065e-06,1.786436962537225e-06,1.3874073126196748e-06,1.0167087548212852e-06,3.895525015343402e-06,-2.7594617914692897e-09,1.2780683457355913e-09,-2.2061618788417493e-09,1.7335437822474614e-09,1.8171879323722701e-09,4.110291099164485e-08,5.5422247217444e-07
479,9.580000000000018,772.6387519091605,7.242936324899985e-09,1.2133294726208774e-08,-2.705150248583963e-12,2.7048097476403456e-12,-1.7844902332605155e-11,1.734993880305287e-11,-2.1495377061000566e-16,-2.1790064278819545e-08,2.4143287466950717e-09,2.3335780545639065e-06,1.786436962537225e-06,1.3874073126196748e-06,1.016854351104022e-06,3.8957689135680426e-06,-2.759515937291925e-09,1.278122484747509e-09,-2.2065203808508884e-09,1.7338923611639555e-09,1.817187928076119e-09,4.066489399065083e-08,5.542710046022565e-07
480,9.60000000000001,772.6423450433409,7.169893774366182e-09,1.2011246877634441e-08,-2.7005168234154787e-12,2.7001764391579477e-12,-1.768498537580419e-11,1.719240418574497e-11,-2.1524195305038442e-16,-2.157062866473139e-08,2.3899811495469776e-09,2.3335780545639065e-06,1.786436962537225e-06,1.3874073126196748e-06,1.0169984794050146e-06,3.8960103589840805e-06,-2.7595699939626484e-09,1.278176534609377e-09,-2.2068756797280693e-09,1.7342377845938433e-09,1.8171879237742504e-09,4.023128706121548e-08,5.543190477012189e-07
481,9.620000000000031,772.6459038334992,7.097568797546667e-09,1.1890391897170976e-08,-2.6957919484325134e-12,2.6954517118028333e-12,-1.7524833177647408e-11,1.703463592045892e-11,-2.1552775568247328e-16,-2.135334268528371e-08,2.365872743587682e-09,2.3335780545639065e-06,1.786436962537225e-06,1.3874073126196748e-06,1.017141154030734e-06,3.896249375371829e-06,-2.7596239570502072e-09,1.2782304908908867e-09,-2.2072277779135937e-09,1.7345800549949058e-09,1.8171879194664526e-09,3.980204734771488e-08,5.543666062401503e-07
482,9.640000000000038,772.649427816147,7.025972711733126e-09,1.177074889269078e-08,-2.6913165501307522e-12,2.6909764901269e-12,-1.7368437546576724e-11,1.6880616903645784e-11,-2.158110621208671e-16,-2.113824052945703e-08,2.342007301547137e-09,2.3335780545639065e-06,1.786436962537225e-06,1.3874073126196748e-06,1.0172823894458268e-06,3.896485986779727e-06,-2.759677828135165e-09,1.278284355172906e-09,-2.207576710620739e-09,1.7349192075231469e-09,1.8171879151531491e-09,3.937713151556733e-08,5.544136850406016e-07
483,9.660000000000009,772.6529174817393,6.955094399667618e-09,1.1652299477128569e-08,-2.6867760280224967e-12,2.6864361600527036e-12,-1.7212096848692788e-11,1.672662142833213e-11,-2.16092011585125e-16,-2.0925288963897355e-08,2.3183811184815206e-09,2.3335780545639065e-06,1.786436962537225e-06,1.3874073126196748e-06,1.0174222001169406e-06,3.896720217263425e-06,-2.7597316090610887e-09,1.278338129299408e-09,-2.2079225159647173e-09,1.735255279906466e-09,1.8171879108341281e-09,3.8956496220634395e-08,5.544602889248018e-07
484,9.680000000000001,772.656374543849,6.884894050952884e-09,1.1534977267056946e-08,-2.68311190728233e-12,2.6827721863957797e-12,-1.7052587917250884e-11,1.656943127138144e-11,-2.1637273071285244e-16,-2.0714368529364114e-08,2.294980924093785e-09,2.3335780545639065e-06,1.786436962537225e-06,1.3874073126196748e-06,1.0175606000014468e-06,3.8969520900308665e-06,-2.7597853079404365e-09,1.2783918213828723e-09,-2.208265162812409e-09,1.7355882404334631e-09,1.8171879065093896e-09,3.854009964570194e-08,5.545064225452275e-07
485,9.700000000000008,772.6597978795056,6.8153983447753806e-09,1.1418827020358347e-08,-2.679722991698597e-12,2.679383406074829e-12,-1.6894484607442868e-11,1.6413645010568314e-11,-2.1665158367004874e-16,-2.0505559579914493e-08,2.2718156106148564e-09,2.3335780545639065e-06,1.786436962537225e-06,1.3874073126196748e-06,1.017697602925404e-06,3.8971816280737406e-06,-2.7598389362894685e-09,1.278445442938797e-09,-2.2086046335376936e-09,1.7359180711962827e-09,1.8171879021791455e-09,3.8127900364609015e-08,5.545520905105746e-07
486,9.720000000000033,772.663187488709,6.746607636819556e-09,1.1303849503749004e-08,-2.6765548214592723e-12,2.6762153607553733e-12,-1.673468893325883e-11,1.6256164655222717e-11,-2.1693002894242783e-16,-2.0298863356506114e-08,2.248885296606297e-09,2.3335780545639065e-06,1.786436962537225e-06,1.3874073126196748e-06,1.01783322298522e-06,3.897408854838982e-06,-2.7598924990675624e-09,1.2784989989264653e-09,-2.208940925273153e-09,1.736244769292941e-09,1.8171878978433956e-09,3.771985613524431e-08,5.545972975196469e-07
487,9.740000000000023,772.6665450289495,6.678483662244616e-09,1.1189980961984017e-08,-2.673080189709075e-12,2.6727407923471962e-12,-1.6552708941981197e-11,1.607641267086956e-11,-2.1721092814400653e-16,-2.009416500134635e-08,2.2261772299971273e-09,2.3335780545639065e-06,1.786436962537225e-06,1.3874073126196748e-06,1.0179674738982106e-06,3.89763379314364e-06,-2.759945995417521e-09,1.2785524884879964e-09,-2.2092737992518463e-09,1.7365680950662018e-09,1.8171878935019282e-09,3.731592585166597e-08,5.546420481449128e-07
488,9.760000000000016,772.669870334613,6.611030611058951e-09,1.1077228555817674e-08,-2.6693516986857787e-12,2.669012311837214e-12,-1.6358286645254943e-11,1.5884139601242296e-11,-2.1749022646132195e-16,-1.989147727012535e-08,2.203692807169875e-09,2.3335780545639065e-06,1.786436962537225e-06,1.3874073126196748e-06,1.0181003690409435e-06,3.897856465238818e-06,-2.759999419736221e-09,1.2786059060190382e-09,-2.209602909207763e-09,1.7368877005889227e-09,1.817187889154955e-09,3.6916069428951404e-08,5.546863468452845e-07
489,9.780000000000014,772.6731629662621,6.5442590542313825e-09,1.0965610106803417e-08,-2.6656175809647072e-12,2.6652781639971394e-12,-1.6152944503186368e-11,1.5680890580257236e-11,-2.17767792409043e-16,-1.969083210094589e-08,2.1814355510187404e-09,2.3335780545639065e-06,1.786436962537225e-06,1.3874073126196748e-06,1.0182319219375963e-06,3.898076893625444e-06,-2.760052769429201e-09,1.2786592489237964e-09,-2.209928021519264e-09,1.7372033508907376e-09,1.8171878848024763e-09,3.6520246335240736e-08,5.547301981288664e-07
490,9.800000000000018,772.6764233887313,6.478158554505877e-09,1.0855108297808362e-08,-2.661785959200784e-12,2.6614464923945054e-12,-1.594756097233574e-11,1.547757889848056e-11,-2.1804367823623192e-16,-1.949219829401754e-08,2.159401981287623e-09,2.3335780545639065e-06,1.786436962537225e-06,1.3874073126196748e-06,1.0183621461136837e-06,3.89829510080949e-06,-2.7601060434647747e-09,1.2787125161703604e-09,-2.2102490265739328e-09,1.737514935585525e-09,1.81718788044428e-09,3.6128416031291e-08,5.547736065041895e-07
491,9.820000000000038,772.6796532260946,6.4126918065262626e-09,1.0745660816080136e-08,-2.6571286611393558e-12,2.656789199275027e-12,-1.5704397499772083e-11,1.5236587753909766e-11,-2.1831806957736562e-16,-1.9295463913846652e-08,2.13757965876607e-09,2.3335780545639065e-06,1.786436962537225e-06,1.3874073126196748e-06,1.0184910546172941e-06,3.898511108500629e-06,-2.76015923261113e-09,1.278765698527277e-09,-2.2105655461586415e-09,1.7378220772520492e-09,1.817187876080578e-09,3.574053940921199e-08,5.548165763205901e-07
492,9.840000000000009,772.6828514140332,6.347883778238831e-09,1.0637309632239037e-08,-2.6520760560593968e-12,2.6517365914656277e-12,-1.5454268128802714e-11,1.498863064003761e-11,-2.1859084293108583e-16,-1.9100704124415606e-08,2.1159769094819335e-09,2.3335780545639065e-06,1.786436962537225e-06,1.3874073126196748e-06,1.0186186603731415e-06,3.898724938205112e-06,-2.7602123246582866e-09,1.2788187837851844e-09,-2.2108771328148948e-09,1.7381243294359882e-09,1.817187871711582e-09,3.535657772882992e-08,5.548591118862725e-07
493,9.860000000000014,772.6860179525501,6.283734779262457e-09,1.0530055405709556e-08,-2.6466813471320693e-12,2.646341863451384e-12,-1.527659343171013e-11,1.481314155426649e-11,-2.1886199717987478e-16,-1.890792001093975e-08,2.0945938361908664e-09,2.3335780545639065e-06,1.786436962537225e-06,1.3874073126196748e-06,1.0187449765587167e-06,3.898936611855491e-06,-2.7602653122323996e-09,1.2788717645697336e-09,-2.211184441430451e-09,1.7384223471579313e-09,1.8171878673370804e-09,3.497649148747627e-08,5.549012175937292e-07
494,9.880000000000013,772.6891543960465,6.220209322587633e-09,1.0423838917820724e-08,-2.6418054939141542e-12,2.641466136200226e-12,-1.5113888422053587e-11,1.4652656011712032e-11,-2.1913172973613274e-16,-1.8717005058705464e-08,2.073418609196894e-09,2.3335780545639065e-06,1.786436962537225e-06,1.3874073126196748e-06,1.0188700159997353e-06,3.899146150798727e-06,-2.760318197100803e-09,1.2789246426497302e-09,-2.211488346248979e-09,1.738717005133591e-09,1.817187862957073e-09,3.4600242236779825e-08,5.549428977181831e-07
495,9.900000000000023,772.6922605892134,6.157311274533904e-09,1.031866677638639e-08,-2.637352784480863e-12,2.637013683234545e-12,-1.495406634390963e-11,1.4495085943148751e-11,-2.1940027146659313e-16,-1.8527971029335748e-08,2.052452517317709e-09,2.3335780545639065e-06,1.786436962537225e-06,1.3874073126196748e-06,1.0189937912057065e-06,3.8993535758556694e-06,-2.760370988683774e-09,1.2789774274479245e-09,-2.211789025796649e-09,1.73900848255314e-09,1.8171878585717717e-09,3.422779247589922e-08,5.549841564294482e-07
496,9.920000000000009,772.6953361199405,6.0950504158499614e-09,1.0214555483411933e-08,-2.633068817390844e-12,2.6327300644006687e-12,-1.4795793791423958e-11,1.4339094454938077e-11,-2.1966774061392212e-16,-1.8340847462425673e-08,2.0316988209210404e-09,2.3335780545639065e-06,1.786436962537225e-06,1.3874073126196748e-06,1.0191163148226102e-06,3.899558908078267e-06,-2.7604236928999554e-09,1.2790301248854009e-09,-2.212086524398059e-09,1.7392968243571206e-09,1.8171878541811765e-09,3.3859104290981876e-08,5.550249979428306e-07
497,9.940000000000017,772.6983814311925,6.03341688833947e-09,1.011148869478238e-08,-2.6289669731292278e-12,2.6286285930780015e-12,-1.4638939019777845e-11,1.4184540818103936e-11,-2.1993378488606996e-16,-1.8155604860851198e-08,2.011154234244906e-09,2.3335780545639065e-06,1.786436962537225e-06,1.3874073126196748e-06,1.0192375994956522e-06,3.899762168520049e-06,-2.7604763132577572e-09,1.2790827384719756e-09,-2.212380871726256e-09,1.7395820607098512e-09,1.8171878497850755e-09,3.349413976774895e-08,5.550654264733823e-07
498,9.96000000000001,772.7013980706201,5.972375515189267e-09,1.000940772402586e-08,-2.625093858947866e-12,2.6247556329613562e-12,-1.4481289791349075e-11,1.4029181401250272e-11,-2.2019950001137424e-16,-1.7972137605145018e-08,1.9908070327454897e-09,2.3335780545639065e-06,1.786436962537225e-06,1.3874073126196748e-06,1.0193576574196874e-06,3.899963377484237e-06,-2.7605288538661365e-09,1.279135272314236e-09,-2.212672074014344e-09,1.7398641979320447e-09,1.8171878453836805e-09,3.3132862343089126e-08,5.551054460860521e-07
499,9.980000000000013,772.7043850239897,5.9119498019141695e-09,9.908352007349323e-09,-2.6214191089043023e-12,2.6210809530715463e-12,-1.4324607021733338e-11,1.3874797688640254e-11,-2.2046403561925056e-16,-1.779051649221063e-08,1.970665050900139e-09,2.3335780545639065e-06,1.786436962537225e-06,1.3874073126196748e-06,1.0194765006728584e-06,3.900162555081551e-06,-2.7605813189958334e-09,1.2791877306800963e-09,-2.212960132982434e-09,1.7401432377229435e-09,1.8171878409769916e-09,3.277523580211551e-08,5.551450608068886e-07
500,9.999999999999996,772.7073422913013,5.852140020632811e-09,9.808322134470382e-09,-2.6179428211394177e-12,2.6176043171866637e-12,-1.4169391984521447e-11,1.3721887053427745e-11,-2.2072766281991107e-16,-1.7610742470495166e-08,1.950728379554684e-09,2.3335780545639065e-06,1.786436962537225e-06,1.3874073126196748e-06,1.0195941415710838e-06,3.900359721822969e-06,-2.7606337126151973e-09,1.279240117532799e-09,-2.21324507297256e-09,1.740419204570364e-09,1.8171878365650087e-09,3.242122321248874e-08,5.551842747411931e-07
501,10.02000000000005,772.710271376327,5.792912181787783e-09,9.709261412479454e-09,-2.6137977556388785e-12,2.6134589762495664e-12,-1.4012334345455901e-11,1.3567076669107674e-11,-2.2099020764822872e-16,-1.7432713467763925e-08,1.9309856909426354e-09,2.3335780545639065e-06,1.786436962537225e-06,1.3874073126196748e-06,1.0197105920931082e-06,3.900554897658438e-06,-2.7606860300210776e-09,1.2792924281657335e-09,-2.2135268902359656e-09,1.74069209420759e-09,1.817187832147732e-09,3.2070788653105226e-08,5.552230918818982e-07
502,10.040000000000008,772.7131721288188,5.734269959969223e-09,9.611176098487799e-09,-2.6090703690401016e-12,2.6087315320762547e-12,-1.3853618945951997e-11,1.341057066093085e-11,-2.2125160394682405e-16,-1.725644065935935e-08,1.911438209275908e-09,2.3335780545639065e-06,1.786436962537225e-06,1.3874073126196748e-06,1.0198258639145257e-06,3.9007481020335476e-06,-2.7607382587023743e-09,1.2793446500708167e-09,-2.2138055497688023e-09,1.7409618706808898e-09,1.817187827725373e-09,3.172389711183471e-08,5.552615161209004e-07
503,10.060000000000004,772.7160441500893,5.676222689642422e-09,9.514081906922522e-09,-2.6039904876721953e-12,2.6036516999731686e-12,-1.3694012993818717e-11,1.3253174114508345e-11,-2.2151194902284078e-16,-1.7081952242159627e-08,1.8920890447736123e-09,2.3335780545639065e-06,1.786436962537225e-06,1.3874073126196748e-06,1.0199399688410217e-06,3.900939354613601e-06,-2.7607903893108082e-09,1.2793967739031372e-09,-2.2140810260882957e-09,1.741228508128644e-09,1.81718782329772e-09,3.138051318281959e-08,5.552995513934408e-07
504,10.080000000000027,772.7188878532977,5.618761264928263e-09,9.41796373668733e-09,-2.5986925218062233e-12,2.5983538710486228e-12,-1.3529178713645349e-11,1.3090530900576034e-11,-2.217716092331052e-16,-1.690922095613969e-08,1.8729351627595443e-09,2.3335780545639065e-06,1.786436962537225e-06,1.3874073126196748e-06,1.0200529186805675e-06,3.9011286750700375e-06,-2.7608424161407655e-09,1.2794487939588475e-09,-2.214353258005421e-09,1.7414919451787951e-09,1.8171878188649848e-09,3.104060145083621e-08,5.553372016355162e-07
505,10.10000000000002,772.7217046819779,5.5618532308640715e-09,9.322767445125438e-09,-2.5936464066849622e-12,2.5933079099886457e-12,-1.3340482869060347e-11,1.2903943660279967e-11,-2.2203046656336557e-16,-1.6738149323321534e-08,1.8539657470679572e-09,2.3335780545639065e-06,1.786436962537225e-06,1.3874073126196748e-06,1.0201647248255254e-06,3.901316082381856e-06,-2.760894339530212e-09,1.2795007105766578e-09,-2.214621954621324e-09,1.7417518899244036e-09,1.8171878144269556e-09,3.070412774804173e-08,5.553744706446145e-07
506,10.120000000000019,772.7244936901285,5.505520251754996e-09,9.228529367007814e-09,-2.5885441930606576e-12,2.588205913748345e-12,-1.313949579177962e-11,1.270502473029201e-11,-2.2228822782761086e-16,-1.6568802604855776e-08,1.8351880177219851e-09,2.3335780545639065e-06,1.786436962537225e-06,1.3874073126196748e-06,1.0202753985603516e-06,3.901501595349977e-06,-2.760946161436218e-09,1.2795525257148952e-09,-2.2148867544079427e-09,1.7420079796083093e-09,1.8171878099838443e-09,3.037105822875996e-08,5.554113621822624e-07
507,10.140000000000022,772.7272548777504,5.449762564804303e-09,9.135250014207173e-09,-2.583391004824171e-12,2.583053005452105e-12,-1.292629298327572e-11,1.2493849603168187e-11,-2.225453796588974e-16,-1.6401181628876287e-08,1.8166020537896235e-09,2.3335780545639065e-06,1.786436962537225e-06,1.3874073126196748e-06,1.0203849513885172e-06,3.901685233143789e-06,-2.760997880788133e-09,1.279604238304087e-09,-2.215147412295776e-09,1.742259968351644e-09,1.817187805535439e-09,3.004135838642259e-08,5.554478800829775e-07
508,10.160000000000023,772.7299896298828,5.394549178423711e-09,9.042877791231842e-09,-2.580767422724761e-12,2.5804296509919717e-12,-1.269681850555562e-11,1.2266133242995689e-11,-2.2280210058634563e-16,-1.6235193256257094e-08,1.7981975324379389e-09,2.3335780545639065e-06,1.786436962537225e-06,1.3874073126196748e-06,1.0204933945059495e-06,3.9018670144218434e-06,-2.7610495223722593e-09,1.2796558731306515e-09,-2.215403643410703e-09,1.7425075681801056e-09,1.8171878010819515e-09,2.9714994637571235e-08,5.554840280788398e-07
509,10.180000000000016,772.7326978081379,5.339883433950772e-09,8.951418383402468e-09,-2.580398526500082e-12,2.580060916881052e-12,-1.2453905741187545e-11,1.202472892098852e-11,-2.2305848029833536e-16,-1.6070847646643166e-08,1.779975566778228e-09,2.3335780545639065e-06,1.786436962537225e-06,1.3874073126196748e-06,1.0206007388320732e-06,3.90204695738359e-06,-2.7611011340315585e-09,1.2797074780363302e-09,-2.215655150653165e-09,1.7427504768017453e-09,1.8171877966233819e-09,2.9391934228542355e-08,5.55519809809832e-07
510,10.200000000000037,772.7353790453099,5.285773832288402e-09,8.860886085226727e-09,-2.581554591177873e-12,2.5812170966585826e-12,-1.2273585256488873e-11,1.1845725091956677e-11,-2.233144548427304e-16,-1.5908170485041665e-08,1.7619389885000404e-09,2.3335780545639065e-06,1.786436962537225e-06,1.3874073126196748e-06,1.0207069954047357e-06,3.902225080428277e-06,-2.7611527535627585e-09,1.2797590908164655e-09,-2.2159024255631567e-09,1.742989181341875e-09,1.81718779215973e-09,2.9072144047225174e-08,5.555552289553848e-07
511,10.22000000000002,772.7380337367463,5.232211707023793e-09,8.771266391616242e-09,-2.5836796937976507e-12,2.5833422247307675e-12,-1.2117111371843685e-11,1.169053918546999e-11,-2.2356896882548836e-16,-1.57471358687382e-08,1.7440849033225529e-09,2.3335780545639065e-06,1.786436962537225e-06,1.3874073126196748e-06,1.0208121752601287e-06,3.9024014019530455e-06,-2.7612044059054737e-09,1.2798107364096794e-09,-2.2161463325295427e-09,1.743224543984649e-09,1.817187787690996e-09,2.8755590983687636e-08,5.55590289194303e-07
512,10.240000000000006,772.7406632637512,5.179166225479197e-09,8.682507465199963e-09,-2.5846954460842565e-12,2.584358028969101e-12,-1.1957939650261229e-11,1.1533137807940918e-11,-2.2382120913446584e-16,-1.558765134412061e-08,1.7264030165220717e-09,2.3335780545639065e-06,1.786436962537225e-06,1.3874073126196748e-06,1.0209162890394537e-06,3.902575939691613e-06,-2.7612560896570176e-09,1.2798624134122163e-09,-2.216387083039721e-09,1.743456780754583e-09,1.8171877832171797e-09,2.8442243111559277e-08,5.556249940735013e-07
513,10.260000000000032,772.7432667211017,5.12665793821617e-09,8.594644019271572e-09,-2.586254330011321e-12,2.5859169546156684e-12,-1.180184943075003e-11,1.1378968229267498e-11,-2.240747922297615e-16,-1.542977870427441e-08,1.7089001894383634e-09,2.3335780545639065e-06,1.786436962537225e-06,1.3874073126196748e-06,1.0210193472810907e-06,3.9027487112064585e-06,-2.761307799154975e-09,1.2799141161620523e-09,-2.2166246809305392e-09,1.7436859018149554e-09,1.8171877787382812e-09,2.813206881107492e-08,5.55659347105561e-07
514,10.280000000000017,772.7458441088022,5.074687051804242e-09,8.50767649700075e-09,-2.5883132719985252e-12,2.5879758290247637e-12,-1.1649498039958649e-11,1.122869236398266e-11,-2.243280091062361e-16,-1.5273518672134577e-08,1.691576490776558e-09,2.3335780545639065e-06,1.786436962537225e-06,1.3874073126196748e-06,1.0211213607309907e-06,3.902919734411621e-06,-2.76135954483098e-09,1.2799658550898886e-09,-2.2168591944053018e-09,1.7439119784208878e-09,1.8171877742543005e-09,2.7825035837311058e-08,5.556933518723631e-07
515,10.300000000000002,772.7483967676443,5.023223835992835e-09,8.421555374566128e-09,-2.5883287367010952e-12,2.5879912504040685e-12,-1.1497473536021001e-11,1.1078688577407075e-11,-2.2457966919148226e-16,-1.51187818810256e-08,1.6744220174912307e-09,2.3335780545639065e-06,1.786436962537225e-06,1.3874073126196748e-06,1.0212223398398686e-06,3.903089026730336e-06,-2.7614113112512456e-09,1.280017614760683e-09,-2.2170906641211667e-09,1.7441350522303015e-09,1.8171877697652377e-09,2.752111283177968e-08,5.557270118574457e-07
516,10.32000000000001,772.7509245636551,4.972271473144904e-09,8.336286049913605e-09,-2.587102222087381e-12,2.5867647493183245e-12,-1.1345282926329383e-11,1.0928497048212519e-11,-2.248297565897965e-16,-1.4965578004133052e-08,1.657437829255201e-09,2.3335780545639065e-06,1.786436962537225e-06,1.3874073126196748e-06,1.0213222947929601e-06,3.903256605144581e-06,-2.761463065560634e-09,1.2800693623206802e-09,-2.2173190916858026e-09,1.7443551240865577e-09,1.8171877652710926e-09,2.722026923292799e-08,5.557603304559132e-07
517,10.33999999999998,772.7534271413623,4.921838090960104e-09,8.251882169968694e-09,-2.5845311538431194e-12,2.584193686014042e-12,-1.1208509609837851e-11,1.0793777978068678e-11,-2.250782304790625e-16,-1.4813931599475395e-08,1.6406266327243913e-09,2.3335780545639065e-06,1.786436962537225e-06,1.3874073126196748e-06,1.021421235888601e-06,3.90342248682678e-06,-2.761514781894571e-09,1.2801210719050335e-09,-2.2175446296110914e-09,1.7445723468368202e-09,1.8171877607720771e-09,2.6922474136892336e-08,5.557933111005329e-07
518,10.360000000000017,772.7559048687644,4.871915701240943e-09,8.168330466903897e-09,-2.5810786358799156e-12,2.5807410154344878e-12,-1.1091175887818354e-11,1.0678537719957963e-11,-2.2532546776916154e-16,-1.4663818732736783e-08,1.6239857657056878e-09,2.3335780545639065e-06,1.786436962537225e-06,1.3874073126196748e-06,1.0215191734265233e-06,3.903586688953149e-06,-2.7615664379926066e-09,1.2801727212520481e-09,-2.217767626466126e-09,1.7447870699938008e-09,1.8171877562679794e-09,2.662769663356967e-08,5.558259572245173e-07
519,10.380000000000024,772.7583590315969,4.82247590671441e-09,8.085583531232432e-09,-2.578678687935129e-12,2.578341075492826e-12,-1.0969997256069346e-11,1.055943603395211e-11,-2.2557059320016896e-16,-1.4515154077846332e-08,1.6075057643046385e-09,2.3335780545639065e-06,1.786436962537225e-06,1.3874073126196748e-06,1.0216161173426028e-06,3.90374922809313e-06,-2.761618035565748e-09,1.2802243120729573e-09,-2.2179882381975066e-09,1.74499944973134e-09,1.8171877517590113e-09,2.6335906905463743e-08,5.558582721398174e-07
520,10.400000000000027,772.7607887872628,4.773537618070395e-09,8.003673081697904e-09,-2.576063895841851e-12,2.575726357372144e-12,-1.0852017594848183e-11,1.0443553324145965e-11,-2.2581400050654177e-16,-1.4367994603005701e-08,1.5911929308606039e-09,2.3335780545639065e-06,1.786436962537225e-06,1.3874073126196748e-06,1.0217120774778506e-06,3.90391012065926e-06,-2.761669582991574e-09,1.280275852747286e-09,-2.218206458345972e-09,1.745209479624921e-09,1.8171877472451727e-09,2.604707541865518e-08,5.55890259126769e-07
521,10.420000000000012,772.7631941357689,4.725101015831868e-09,7.922599508083992e-09,-2.5732341950409395e-12,2.572896804164993e-12,-1.07364868653906e-11,1.033013955143141e-11,-2.2605584280140465e-16,-1.4222340938702875e-08,1.5750473255477212e-09,2.3335780545639065e-06,1.786436962537225e-06,1.3874073126196748e-06,1.0218070638641896e-06,3.904069383385157e-06,-2.7617210759726637e-09,1.2803273389789014e-09,-2.2184223433906203e-09,1.7454172165536764e-09,1.8171877427264637e-09,2.5761172063238302e-08,5.559219215293331e-07
522,10.440000000000007,772.7655763225285,4.677138696608606e-09,7.842317034729744e-09,-2.5714668836022207e-12,2.571129635683381e-12,-1.0620474886845929e-11,1.0216241725733295e-11,-2.2629711471662995e-16,-1.4078110749302596e-08,1.5590598146704013e-09,2.3335780545639065e-06,1.786436962537225e-06,1.3874073126196748e-06,1.021901086261314e-06,3.904227032550585e-06,-2.761772522983581e-09,1.2803787792432997e-09,-2.2186359130082386e-09,1.745622680366448e-09,1.8171877382028842e-09,2.547816754635833e-08,5.559532626007353e-07
523,10.460000000000006,772.7679352231063,4.6296535843085066e-09,7.762830636688172e-09,-2.571119379828055e-12,2.5707822928053585e-12,-1.0505764341172091e-11,1.0103644805072827e-11,-2.2653699841929184e-16,-1.3935312910624138e-08,1.5432313727875817e-09,2.3335780545639065e-06,1.786436962537225e-06,1.3874073126196748e-06,1.021994154184123e-06,3.9043830840272985e-06,-2.7618239488462033e-09,1.2804301983625846e-09,-2.2188471754004352e-09,1.745825879231756e-09,1.817187733674646e-09,2.5198033309759068e-08,5.559842855126098e-07
524,10.480000000000032,772.770270507312,4.5826531602204086e-09,7.68415291670761e-09,-2.571343673493614e-12,2.571006769903695e-12,-1.0390904578992307e-11,9.99090404478751e-12,-2.2677654288895994e-16,-1.3793970006177502e-08,1.527564493463831e-09,2.3335780545639065e-06,1.786436962537225e-06,1.3874073126196748e-06,1.0220862772515684e-06,3.9045375538628325e-06,-2.761875373476816e-09,1.2804816162532117e-09,-2.219056142089611e-09,1.7460268247202548e-09,1.8171877291415375e-09,2.4920740480590687e-08,5.560149934712724e-07
525,10.500000000000016,772.7725825238543,4.536129901422966e-09,7.60627137614282e-09,-2.571793891266695e-12,2.5714571910016034e-12,-1.0275069851330088e-11,9.877170132891012e-12,-2.2701479892398716e-16,-1.3654059483982114e-08,1.5120566698498205e-09,2.3335780545639065e-06,1.786436962537225e-06,1.3874073126196748e-06,1.0221774650821847e-06,3.9046904581057605e-06,-2.7619268048523523e-09,1.2805330408928207e-09,-2.2192628018339447e-09,1.7462255054620315e-09,1.8171877246035585e-09,2.4646260185689317e-08,5.560453896829056e-07
526,10.520000000000008,772.7748724910771,4.490057089039171e-09,7.529141349330128e-09,-2.5712609527238535e-12,2.5709244739781656e-12,-1.0156094938891426e-11,9.760289958523056e-12,-2.272519614040119e-16,-1.3515501064904882e-08,1.4966989952466592e-09,2.3335780545639065e-06,1.786436962537225e-06,1.3874073126196748e-06,1.0222677269520893e-06,3.904841812233015e-06,-2.761978235400761e-09,1.2805844647094705e-09,-2.219467113481823e-09,1.7464218800629455e-09,1.8171877200609208e-09,2.437456458020055e-08,5.560754772395565e-07
527,10.540000000000019,772.7771396105564,4.444452494277147e-09,7.452792665782093e-09,-2.570537049733401e-12,2.5702007412868164e-12,-1.0035925672768853e-11,9.642211182947622e-12,-2.274904715074566e-16,-1.337834827510125e-08,1.4814973933307565e-09,2.3335780545639065e-06,1.786436962537225e-06,1.3874073126196748e-06,1.0223570720479227e-06,3.9049916315731666e-06,-2.7620296533808945e-09,1.280635875961623e-09,-2.2196690336880287e-09,1.7466159050743604e-09,1.8171877155134127e-09,2.410562608680035e-08,5.561052592034424e-07
528,10.560000000000004,772.7793838822865,4.399316274003613e-09,7.377225661198779e-09,-2.5696291941629873e-12,2.569292996935488e-12,-9.914317014874419e-12,9.522693830516005e-12,-2.2772799589256665e-16,-1.3242601664314047e-08,1.4664519162212273e-09,2.3335780545639065e-06,1.786436962537225e-06,1.3874073126196748e-06,1.0224455097356053e-06,3.905139931756436e-06,-2.762081055043362e-09,1.2806872708990052e-09,-2.2198685361149194e-09,1.746807554124495e-09,1.8171877109612459e-09,2.3839416587406393e-08,5.561347386965378e-07
529,10.579999999999988,772.7816064815556,4.3546227565961355e-09,7.302397435969534e-09,-2.5683798888533712e-12,2.5680437658574463e-12,-9.76557830699131e-12,9.376029178469803e-12,-2.2796196379485207e-16,-1.310818408666861e-08,1.4515540073164283e-09,2.3335780545639065e-06,1.786436962537225e-06,1.3874073126196748e-06,1.0225330491259113e-06,3.905286727987408e-06,-2.7621324351340178e-09,1.2807386442666332e-09,-2.2200653350682347e-09,1.7469965413545847e-09,1.8171877064044204e-09,2.3575908729896783e-08,5.561639187557731e-07
530,10.600000000000026,772.7838072909295,4.3103746690447414e-09,7.228312626311815e-09,-2.5667839083713173e-12,2.5664478240198235e-12,-9.59349963845425e-12,9.206009116580053e-12,-2.2819257642449563e-16,-1.2975103816110281e-08,1.4368045755525315e-09,2.3335780545639065e-06,1.786436962537225e-06,1.3874073126196748e-06,1.022619699100168e-06,3.905432035088031e-06,-2.76218378677199e-09,1.280789989182532e-09,-2.220258925847628e-09,1.7471823617375356e-09,1.8171877018429362e-09,2.331507585086849e-08,5.561928023416019e-07
531,10.620000000000033,772.7859859988152,4.26657900574859e-09,7.154983012513718e-09,-2.564886975213303e-12,2.564550911596676e-12,-9.403679794227506e-12,9.018237214698888e-12,-2.284212751763502e-16,-1.2843381963432718e-08,1.4222059522347948e-09,2.3335780545639065e-06,1.786436962537225e-06,1.3874073126196748e-06,1.022705468636916e-06,3.905575868044419e-06,-2.7622351034808644e-09,1.2808412991698882e-09,-2.2204488976419084e-09,1.7473646042008484e-09,1.8171876972767933e-09,2.3056890993072972e-08,5.562213924468798e-07
532,10.64,772.7881429337539,4.223228720373751e-09,7.082396865983156e-09,-2.5626673634150622e-12,2.5623313338638796e-12,-9.22661259988393e-12,8.843206449823883e-12,-2.286527044638133e-16,-1.271299740413746e-08,1.4077557886128867e-09,2.3335780545639065e-06,1.786436962537225e-06,1.3874073126196748e-06,1.022790366714177e-06,3.905718241843204e-06,-2.762286379024361e-09,1.2808925679923427e-09,-2.2206352005659173e-09,1.7475432186374933e-09,1.8171876927059918e-09,2.2801327199397685e-08,5.562496920642882e-07
533,10.660000000000009,772.7902792436281,4.180298823319794e-09,7.010512407909722e-09,-2.560525013890956e-12,2.5601891053327657e-12,-9.086492261097512e-12,8.70510807170701e-12,-2.2888308976996394e-16,-1.2583875037165718e-08,1.3934457549172515e-09,2.3335780545639065e-06,1.786436962537225e-06,1.3874073126196748e-06,1.022874401989614e-06,3.905859170935943e-06,-2.762337610948202e-09,1.2809437931967347e-09,-2.2208183316145424e-09,1.7477187017827087e-09,1.8171876881305315e-09,2.2548358474984547e-08,5.562777040797236e-07
534,10.68000000000002,772.7923941761857,4.137805919756743e-09,6.939357511259228e-09,-2.558117433192653e-12,2.5577816451924697e-12,-8.95071460669258e-12,8.571339840105003e-12,-2.291127038432107e-16,-1.2456064877490662e-08,1.379281386141986e-09,2.3335780545639065e-06,1.786436962537225e-06,1.3874073126196748e-06,1.0229575830370447e-06,3.905998669635135e-06,-2.7623887973728215e-09,1.28099497290424e-09,-2.2209987036833113e-09,1.7478914662618269e-09,1.8171876835506244e-09,2.2297959075837857e-08,5.563054313511342e-07
535,10.700000000000008,772.7944877314272,4.095750146803244e-09,6.868932472256508e-09,-2.5553605376622163e-12,2.5550248758605043e-12,-8.81509847000669e-12,8.437720584304133e-12,-2.2934004420750667e-16,-1.2329567404165461e-08,1.3652627279932675e-09,2.3335780545639065e-06,1.786436962537225e-06,1.3874073126196748e-06,1.0230399185977102e-06,3.90613675253497e-06,-2.7624399321525714e-09,1.2810461009694505e-09,-2.221176361814048e-09,1.748061556866071e-09,1.8171876789660586e-09,2.2050102753021434e-08,5.563328767922756e-07
536,10.720000000000006,772.7965610158807,4.054107502730782e-09,6.799197134867374e-09,-2.555103851496645e-12,2.554768287461096e-12,-8.677851192136582e-12,8.30249266789875e-12,-2.2956521166739333e-16,-1.2204310492664575e-08,1.3513817787199159e-09,2.3335780545639065e-06,1.786436962537225e-06,1.3874073126196748e-06,1.0231214171742055e-06,3.906273433831041e-06,-2.762491036796583e-09,1.2810971989010837e-09,-2.2213512913107307e-09,1.748228958998593e-09,1.8171876743770458e-09,2.180476397405316e-08,5.563600432373426e-07
537,10.740000000000006,772.7986139189836,4.012880527029198e-09,6.73015581808661e-09,-2.5570633148852006e-12,2.5567278261137346e-12,-8.536129526373331e-12,8.16280701355227e-12,-2.2978959891656227e-16,-1.2080301842338748e-08,1.3376393850141204e-09,2.3335780545639065e-06,1.786436962537225e-06,1.3874073126196748e-06,1.023202087054503e-06,3.9064087273605705e-06,-2.7625421584680747e-09,1.2811483138622194e-09,-2.2215234311179542e-09,1.7483936119954075e-09,1.8171876697835862e-09,2.1561917850703133e-08,5.5638693344898e-07
538,10.759999999999987,772.8006461473698,3.972075745827209e-09,6.661819511945958e-09,-2.560483886577236e-12,2.5601484638638525e-12,-8.405533349224012e-12,8.034266906070489e-12,-2.300129939056796e-16,-1.1957561148031661e-08,1.324037722137385e-09,2.3335780545639065e-06,1.786436962537225e-06,1.3874073126196748e-06,1.0232819366172316e-06,3.906542647113871e-06,-2.7625933339401345e-09,1.2811994826251191e-09,-2.2216928477466513e-09,1.7485555827346036e-09,1.8171876651854678e-09,2.1321539220799648e-08,5.564135502200514e-07
539,10.780000000000017,772.8026580101672,3.93168656879624e-09,6.594177245194782e-09,-2.564636003307433e-12,2.5643006304119853e-12,-8.283792987522594e-12,7.91459448488138e-12,-2.302341839098906e-16,-1.1836068643469846e-08,1.3105745935885508e-09,2.3335780545639065e-06,1.786436962537225e-06,1.3874073126196748e-06,1.023360974240378e-06,3.906675207081443e-06,-2.7626445851390573e-09,1.281250727116062e-09,-2.2218597410099885e-09,1.7487150713485134e-09,1.8171876605829025e-09,2.108360292288428e-08,5.564398963432087e-07
540,10.799999999999997,772.8046505874291,3.891689647339616e-09,6.527189988099362e-09,-2.5669692959441302e-12,2.5666339259208812e-12,-8.16166439464648e-12,7.794517096781858e-12,-2.3045435018460966e-16,-1.1715754139779873e-08,1.297242217463156e-09,2.3335780545639065e-06,1.786436962537225e-06,1.3874073126196748e-06,1.0234392080025391e-06,3.906806420753776e-06,-2.7626959011919047e-09,1.2813020364616252e-09,-2.2220241955837318e-09,1.7488721624643297e-09,1.817187655976102e-09,2.0848084695052015e-08,5.564659745113192e-07
541,10.820000000000046,772.8066231713574,3.8521004817053714e-09,6.4608837483720044e-09,-2.5692007043636043e-12,2.5688653092339737e-12,-8.039174193505768e-12,7.67408010767065e-12,-2.306712486404537e-16,-1.159666432980605e-08,1.2840457598808426e-09,2.3335780545639065e-06,1.786436962537225e-06,1.3874073126196748e-06,1.0235166459038298e-06,3.906936301491141e-06,-2.7627472628917812e-09,1.2813533914539769e-09,-2.222186203969522e-09,1.7490268484363746e-09,1.8171876513648547e-09,2.0614960510355582e-08,5.564917873910926e-07
542,10.840000000000018,772.8085757619468,3.812919191305333e-09,6.395258784050313e-09,-2.5713109680701014e-12,2.570975519451348e-12,-7.918939338875129e-12,7.555900470257606e-12,-2.308852108100133e-16,-1.14787996307988e-08,1.2709852606456016e-09,2.3335780545639065e-06,1.786436962537225e-06,1.3874073126196748e-06,1.0235932961005598e-06,3.907064862916465e-06,-2.762798668008449e-09,1.2814047898622637e-09,-2.2223457851048985e-09,1.7491791482421536e-09,1.8171876467493722e-09,2.0384205870749865e-08,5.565173377012978e-07
543,10.860000000000031,772.8105093995721,3.774123360800271e-09,6.330277637892859e-09,-2.5721231380741727e-12,2.5717877069662528e-12,-7.790861812127852e-12,7.42982877308774e-12,-2.3109861557360147e-16,-1.1362092648824758e-08,1.2580532497003772e-09,2.3335780545639065e-06,1.786436962537225e-06,1.3874073126196748e-06,1.023669166526081e-06,3.907192118280685e-06,-2.7628501023494476e-09,1.2814562174945278e-09,-2.2225028831163915e-09,1.7493290055345872e-09,1.8171876421294427e-09,2.0155796947953472e-08,5.565426280864013e-07
544,10.880000000000026,772.8124239802804,3.735715352693619e-09,6.265944317952296e-09,-2.5717516613707813e-12,2.571416309164895e-12,-7.653758833745278e-12,7.294687364664884e-12,-2.313121428283247e-16,-1.1246550546886847e-08,1.2452505143743548e-09,2.3335780545639065e-06,1.786436962537225e-06,1.3874073126196748e-06,1.023744264913216e-06,3.9073180805002435e-06,-2.7629015410975585e-09,1.2815076495346891e-09,-2.2226573293228953e-09,1.7494762506959646e-09,1.8171876375052781e-09,1.992971051599642e-08,5.56567661124042e-07
545,10.900000000000036,772.8143192282461,3.6977012537219767e-09,6.202269072841739e-09,-2.570500811291901e-12,2.5701655595741055e-12,-7.5102382065686e-12,7.153086560937245e-12,-2.3152304829924084e-16,-1.1132191691639636e-08,1.2325790834963205e-09,2.3335780545639065e-06,1.786436962537225e-06,1.3874073126196748e-06,1.0238185990792802e-06,3.9074427626341515e-06,-2.7629529636224475e-09,1.2815590653533765e-09,-2.222808969293363e-09,1.7496207284352207e-09,1.8171876328768783e-09,1.9705923093611044e-08,5.565924394200208e-07
546,10.920000000000023,772.8161954340952,3.6600748976463503e-09,6.139241602485312e-09,-2.568711520207666e-12,2.5683763839759864e-12,-7.364915060857866e-12,7.0096775410124095e-12,-2.317316091158547e-16,-1.1018997596187232e-08,1.2200369004432407e-09,2.3335780545639065e-06,1.786436962537225e-06,1.3874073126196748e-06,1.023892176840794e-06,3.907566177740905e-06,-2.76300435574563e-09,1.281610450772812e-09,-2.222957720826e-09,1.7497623560762402e-09,1.8171876282442434e-09,1.9484411200732918e-08,5.566169655798601e-07
547,10.940000000000003,772.8180536132478,3.6228144628852468e-09,6.0768253415270485e-09,-2.5675756638264037e-12,2.5672406918514824e-12,-7.233935783335535e-12,6.880697340660856e-12,-2.3194127391837146e-16,-1.0906902687366902e-08,1.207616688310538e-09,2.3335780545639065e-06,1.786436962537225e-06,1.3874073126196748e-06,1.0239650057343992e-06,3.907688338410345e-06,-2.7630557186173764e-09,1.2816618069435702e-09,-2.22310370933441e-09,1.7499012598250568e-09,1.817187623607585e-09,1.9265152197897594e-08,5.566412421157477e-07
548,10.960000000000006,772.8198931002629,3.5859344231508315e-09,6.015044626648447e-09,-2.5663121775081633e-12,2.5659773925174284e-12,-7.107431533689894e-12,6.756218225289056e-12,-2.3216535559357965e-16,-1.0795950543187317e-08,1.1953232736467951e-09,2.3335780545639065e-06,1.786436962537225e-06,1.3874073126196748e-06,1.0240370932232595e-06,3.907809257110026e-06,-2.7631070574956442e-09,1.2817131391244139e-09,-2.223247123007503e-09,1.7500376289807163e-09,1.8171876189664798e-09,1.9048123665592017e-08,5.566652715153673e-07
549,10.980000000000032,772.8217138951402,3.5494348823900263e-09,5.9538996825277826e-09,-2.5649210352128575e-12,2.5645864485045803e-12,-6.985107515801859e-12,6.635945399157082e-12,-2.323905592935787e-16,-1.0686141526925191e-08,1.1831566911012665e-09,2.3335780545639065e-06,1.786436962537225e-06,1.3874073126196748e-06,1.024108446916315e-06,3.9079289465531185e-06,-2.7631583698278995e-09,1.2817644447628241e-09,-2.2233880483980704e-09,1.750171550616961e-09,1.8171876143209276e-09,1.883330274489061e-08,5.566890563150147e-07
550,11.00000000000001,772.8235169756863,3.513294904448436e-09,5.893355508087027e-09,-2.5648192440816055e-12,2.564484832035126e-12,-6.845987630913146e-12,6.498863989536633e-12,-2.326148210179755e-16,-1.0577412685125456e-08,1.171109963258251e-09,2.3335780545639065e-06,1.786436962537225e-06,1.3874073126196748e-06,1.0241790742141833e-06,3.908047419105024e-06,-2.7632096672307755e-09,1.2818157354756294e-09,-2.223526359349448e-09,1.7503028987108478e-09,1.8171876096709284e-09,1.8620667202770335e-08,5.567125989815583e-07
551,11.020000000000008,772.8253022442025,3.4775166869002785e-09,5.833415821640424e-09,-2.566028771595355e-12,2.565694525628142e-12,-6.706845451267152e-12,6.361763381444549e-12,-2.328379523515885e-16,-1.0469770681498268e-08,1.1591838221113043e-09,2.3335780545639065e-06,1.786436962537225e-06,1.3874073126196748e-06,1.0242489823300967e-06,3.908164686818321e-06,-2.763260975710725e-09,1.281867037269206e-09,-2.22366188768028e-09,1.7504315049845577e-09,1.8171876050164824e-09,1.8410195369104123e-08,5.567359019194119e-07
552,11.040000000000006,772.827069441446,3.442105905002796e-09,5.774090174071967e-09,-2.5681121038256106e-12,2.567777984214038e-12,-6.5905764279764325e-12,6.247546150371751e-12,-2.330596044952766e-16,-1.0363232640792443e-08,1.1473801591744865e-09,2.3335780545639065e-06,1.786436962537225e-06,1.3874073126196748e-06,1.0243181785560157e-06,3.908280761878279e-06,-2.7633123171195036e-09,1.2819183719943044e-09,-2.2237948618990913e-09,1.7505575980798758e-09,1.8171876003575894e-09,1.8201865335881237e-08,5.567589675592247e-07
553,11.060000000000034,772.8288188376496,3.4070568577679607e-09,5.715369062662717e-09,-2.5706155690892764e-12,2.5702815533674716e-12,-6.501718363681207e-12,6.160746162001635e-12,-2.332802273564566e-16,-1.0257781455183195e-08,1.1356970742501463e-09,2.3335780545639065e-06,1.786436962537225e-06,1.3874073126196748e-06,1.0243866701836435e-06,3.908395656470646e-06,-2.763363704396387e-09,1.2819697525896802e-09,-2.223925784846991e-09,1.7506816810029997e-09,1.8171875956942495e-09,1.799565519492119e-08,5.56781798331559e-07
554,11.080000000000027,772.8305513769546,3.3723493820758275e-09,5.657218757433514e-09,-2.5722408140446584e-12,2.5719068786300016e-12,-6.418989045734548e-12,6.080067399063389e-12,-2.3349932968937933e-16,-1.0153356497189607e-08,1.1241278467616794e-09,2.3335780545639065e-06,1.786436962537225e-06,1.3874073126196748e-06,1.024454464246042e-06,3.9085093823488474e-06,-2.7634151329601973e-09,1.2820211744740002e-09,-2.224054991921074e-09,1.7508040891386103e-09,1.8171875910264627e-09,1.779154381539754e-08,5.568043965807692e-07
555,11.100000000000005,772.8322664406295,3.337996842417383e-09,5.599661689053218e-09,-2.5738525962730035e-12,2.573518719353927e-12,-6.336069489969402e-12,5.999199792303855e-12,-2.337169046609961e-16,-1.0049998025419244e-08,1.1126769312401227e-09,2.3335780545639065e-06,1.786436962537225e-06,1.3874073126196748e-06,1.024521567708287e-06,3.908621951153312e-06,-2.7634665938942188e-09,1.28207262872998e-09,-2.224182542506397e-09,1.7509248818105238e-09,1.817187586354229e-09,1.758951027017167e-08,5.568267646285492e-07
556,11.120000000000035,772.8339640286707,3.30399932926043e-09,5.542698053027429e-09,-2.5754372335480624e-12,2.5751033956897655e-12,-6.2534981489350414e-12,5.918681904991944e-12,-2.339329517527161e-16,-9.94770635611075e-09,1.101344357837614e-09,2.3335780545639065e-06,1.786436962537225e-06,1.3874073126196748e-06,1.0245879876700037e-06,3.908733374750733e-06,-2.7635180867927225e-09,1.2821241149511305e-09,-2.2243084381828883e-09,1.751044060627497e-09,1.81718758167776e-09,1.7389533226356074e-08,5.568489048414399e-07
557,11.140000000000022,772.8356450750731,3.2703369458195603e-09,5.486294556220874e-09,-2.57521355780062e-12,2.574879789231146e-12,-6.200811021828244e-12,5.868043396759696e-12,-2.341482230182361e-16,-9.846421661002386e-09,1.0901234945038216e-09,2.3335780545639065e-06,1.786436962537225e-06,1.3874073126196748e-06,1.0246537310327544e-06,3.908843664676825e-06,-2.7635695933005047e-09,1.2821756147829797e-09,-2.224432981274606e-09,1.7511619278805144e-09,1.8171875769968443e-09,1.719159194618507e-08,5.568708195199634e-07
558,11.160000000000023,772.8373094865096,3.2370117755959447e-09,5.430454746971126e-09,-2.573359121888663e-12,2.573025456386189e-12,-6.157037853068556e-12,5.82628959982889e-12,-2.343658800285492e-16,-9.746150242840903e-09,1.0790150365584517e-09,2.3335780545639065e-06,1.786436962537225e-06,1.3874073126196748e-06,1.0247188045199687e-06,3.9089528321698565e-06,-2.7636210790271805e-09,1.2822270938354358e-09,-2.2245565597632973e-09,1.7512788712104803e-09,1.8171875723116933e-09,1.6995666227146623e-08,5.56892510905274e-07
559,11.180000000000025,772.8389570153639,3.2040291999226598e-09,5.375187670318826e-09,-2.5703458092851778e-12,2.5700122639324534e-12,-6.113541756787616e-12,5.784803878512468e-12,-2.3458724942353036e-16,-9.646908341330492e-09,1.0680207770998847e-09,2.3335780545639065e-06,1.786436962537225e-06,1.3874073126196748e-06,1.024783214929724e-06,3.909060888594029e-06,-2.763672516076567e-09,1.282278524212639e-09,-2.224679265559449e-09,1.7513949821452637e-09,1.8171875676220954e-09,1.6801735641304896e-08,5.569139812634106e-07
560,11.200000000000026,772.840587916521,3.1713838640190933e-09,5.3204843934248285e-09,-2.5668537627864968e-12,2.566520332820211e-12,-6.064501356517568e-12,5.73776504749215e-12,-2.3481032867804297e-16,-9.54867988408995e-09,1.0571389311953578e-09,2.3335780545639065e-06,1.786436962537225e-06,1.3874073126196748e-06,1.0248469690603633e-06,3.909167845314667e-06,-2.763723888072129e-09,1.2823298895386065e-09,-2.2248010459905285e-09,1.7515102078345237e-09,1.8171875629280505e-09,1.660977975905068e-08,5.569352328604936e-07
561,11.220000000000024,772.8422030805367,3.1390568491492687e-09,5.266313270306484e-09,-2.5652602423073512e-12,2.5649269010686724e-12,-5.9926635676358215e-12,5.6678914707333766e-12,-2.3503510935355404e-16,-9.451407972540945e-09,1.0463631935584392e-09,2.3335780545639065e-06,1.786436962537225e-06,1.3874073126196748e-06,1.024910073467495e-06,3.909273713291304e-06,-2.763775209212256e-09,1.2823812040109455e-09,-2.2249216176397356e-09,1.7516242643997058e-09,1.8171875582295588e-09,1.6419778880484392e-08,5.569562678817412e-07
562,11.240000000000007,772.8438019237947,3.107060701435775e-09,5.212695462351566e-09,-2.5640075698243623e-12,2.5636743190947663e-12,-5.9092760058034904e-12,5.586282344538843e-12,-2.3526025511771974e-16,-9.355130352826593e-09,1.0356977512115077e-09,2.3335780545639065e-06,1.786436962537225e-06,1.3874073126196748e-06,1.0249725346430007e-06,3.90937850337863e-06,-2.7638265018903824e-09,1.282432490023147e-09,-2.225040637035422e-09,1.7517368061378584e-09,1.81718755352662e-09,1.623171349723087e-08,5.569770884911888e-07
563,11.260000000000009,772.8453844462972,3.0753955043232687e-09,5.159631179139591e-09,-2.5630958171791405e-12,2.562762665296354e-12,-5.8143300207570295e-12,5.492881567175342e-12,-2.354854312532832e-16,-9.259847299933836e-09,1.0251426335618788e-09,2.3335780545639065e-06,1.786436962537225e-06,1.3874073126196748e-06,1.0250343592050584e-06,3.909482226645045e-06,-2.7638777729242757e-09,1.2824837543929909e-09,-2.225157873095776e-09,1.7518475977769756e-09,1.8171875488192345e-09,1.6045563720703254e-08,5.569976968950366e-07
564,11.280000000000008,772.8469514992428,3.044043201051784e-09,5.1070900660095534e-09,-2.5622688079696375e-12,2.5619358243588974e-12,-5.739496735981976e-12,5.419556804646449e-12,-2.3570992611209134e-16,-9.165504573526857e-09,1.0146918150903966e-09,2.3335780545639065e-06,1.786436962537225e-06,1.3874073126196748e-06,1.025095553592112e-06,3.909584893857497e-06,-2.7639290265707003e-09,1.2825350013778873e-09,-2.2252734113632906e-09,1.7519567221606939e-09,1.8171875441071902e-09,1.5861310201968652e-08,5.57018095239523e-07
565,11.300000000000015,772.848502997579,3.0130056735764193e-09,5.0550753049383415e-09,-2.5615521638492065e-12,2.56121940525552e-12,-5.681595841667214e-12,5.3631392873701695e-12,-2.3593318522151405e-16,-9.072107875997101e-09,1.0043459227283996e-09,2.3335780545639065e-06,1.786436962537225e-06,1.3874073126196748e-06,1.0251561240808584e-06,3.909686515511207e-06,-2.763980264780373e-09,1.2825862329301835e-09,-2.225387622289096e-09,1.752064549121614e-09,1.817187539390699e-09,1.5678934077473352e-08,5.570382856169013e-07
566,11.320000000000002,772.8500387156362,2.982287803211644e-09,5.003595146931746e-09,-2.5610238195895628e-12,2.560691329181837e-12,-5.632235405309198e-12,5.3151851037686075e-12,-2.361551817255974e-16,-8.979671916521948e-09,9.941065853256858e-10,2.3335780545639065e-06,1.786436962537225e-06,1.3874073126196748e-06,1.0252160770156262e-06,3.909787102215725e-06,-2.764031490540355e-09,1.2826374520375279e-09,-2.2255007606016216e-09,1.7521713323655253e-09,1.8171875346697608e-09,1.5498416279548277e-08,5.570582701419818e-07
567,11.339999999999998,772.8515588953898,2.951884520848324e-09,4.95264108278957e-09,-2.5603708102550532e-12,2.560038566674471e-12,-5.5907252435281256e-12,5.2750775132879485e-12,-2.3637831874678057e-16,-8.888181498001346e-09,9.83972110715591e-10,2.3335780545639065e-06,1.786436962537225e-06,1.3874073126196748e-06,1.0252754187388668e-06,3.9098866645780224e-06,-2.764082704486769e-09,1.2826886593364864e-09,-2.225612990208096e-09,1.7522772349916958e-09,1.8171875299443758e-09,1.531973774540308e-08,5.570780509289422e-07
568,11.359999999999987,772.8530643822869,2.9217779563079147e-09,4.9021831949713824e-09,-2.558495655912831e-12,2.5581637108035558e-12,-5.546727807227919e-12,5.232479305799485e-12,-2.366003723628207e-16,-8.797582876390993e-09,9.739365421586146e-10,2.3335780545639065e-06,1.786436962537225e-06,1.3874073126196748e-06,1.0253341553636383e-06,3.9099852128208e-06,-2.764133893151367e-09,1.2827398413592612e-09,-2.2257243647386216e-09,1.7523823105598866e-09,1.8171875252145438e-09,1.5142880101659253e-08,5.57097630015471e-07
569,11.380000000000031,772.854554622275,2.8919799337505528e-09,4.852241328908371e-09,-2.5561117545835753e-12,2.5557801502639424e-12,-5.505817630532381e-12,5.192973467057977e-12,-2.368212643860768e-16,-8.707911670827917e-09,9.640038207580534e-10,2.3335780545639065e-06,1.786436962537225e-06,1.3874073126196748e-06,1.025392292942539e-06,3.910082757066039e-06,-2.764185039225454e-09,1.282790980797872e-09,-2.225834890192945e-09,1.7524865650876153e-09,1.817187520480265e-09,1.496782515618668e-08,5.571170094191002e-07
570,11.4,772.856029615352,2.8624905218716255e-09,4.802815634882941e-09,-2.5532190185576683e-12,2.5528877960902327e-12,-5.46799514783177e-12,5.156557635336635e-12,-2.3704094105084677e-16,-8.619168120484916e-09,9.541739695062449e-10,2.3335780545639065e-06,1.786436962537225e-06,1.3874073126196748e-06,1.0254498376470953e-06,3.910179307635677e-06,-2.7642361325332004e-09,1.2828420674773355e-09,-2.2259446283208263e-09,1.7525900603986391e-09,1.817187515741539e-09,1.4794554358273818e-08,5.571361911970027e-07
571,11.420000000000034,772.857490179946,2.8332924700643595e-09,4.75387723437006e-09,-2.550801763183562e-12,2.550470746766349e-12,-5.430428514838016e-12,5.12039479074012e-12,-2.372600162521647e-16,-8.53130034081407e-09,9.44441238380198e-10,2.3335780545639065e-06,1.786436962537225e-06,1.3874073126196748e-06,1.0255067954770148e-06,3.910274874564369e-06,-2.7642871727408747e-09,1.2828931010627642e-09,-2.226053612557409e-09,1.7526928299229e-09,1.817187510998578e-09,1.4623049673660543e-08,5.571551773490816e-07
572,11.440000000000019,772.8589362342782,2.8043875719335957e-09,4.7054291623388796e-09,-2.5487617318367737e-12,2.5484307746028405e-12,-5.3931077335375615e-12,5.0844784102332295e-12,-2.374783655788082e-16,-8.444313761644393e-09,9.3480622513081e-10,2.3335780545639065e-06,1.786436962537225e-06,1.3874073126196748e-06,1.0255631722774348e-06,3.910369467628336e-06,-2.7643381683759813e-09,1.2829440900779778e-09,-2.2261618479198813e-09,1.7527948786549097e-09,1.8171875062511702e-09,1.4453293532636083e-08,5.571739698237167e-07
573,11.460000000000003,772.8603675613676,2.7757804827615617e-09,4.657479252042165e-09,-2.546837989178246e-12,2.5465069996149903e-12,-5.358176234558835e-12,5.050953143041021e-12,-2.3769761012271883e-16,-8.35822242450154e-09,9.252704814764975e-10,2.3335780545639065e-06,1.786436962537225e-06,1.3874073126196748e-06,1.0256189739579819e-06,3.91046309671248e-06,-2.764389124373334e-09,1.28299503945572e-09,-2.2262693607596496e-09,1.7528962329704424e-09,1.8171875014993154e-09,1.4285268170774762e-08,5.571925705907828e-07
574,11.480000000000029,772.861784385115,2.7474665406744365e-09,4.610019720003962e-09,-2.545312770596865e-12,2.5449816846608856e-12,-5.3275744900094546e-12,5.021759059900696e-12,-2.379194685916573e-16,-8.273012329714966e-09,9.158324534720669e-10,2.3335780545639065e-06,1.786436962537225e-06,1.3874073126196748e-06,1.0256742064282162e-06,3.9105557717022005e-06,-2.764440045880776e-09,1.2830459543425627e-09,-2.2263762182669673e-09,1.752996960092472e-09,1.8171874967432254e-09,1.411895582323238e-08,5.572109816201324e-07
575,11.500000000000023,772.8631874877801,2.7194292968544168e-09,4.5630230239015186e-09,-2.5451721711967857e-12,2.5448410651373063e-12,-5.2981518503015896e-12,4.99374398761297e-12,-2.3814007282186304e-16,-8.188634001872832e-09,9.064866582257021e-10,2.3335780545639065e-06,1.786436962537225e-06,1.3874073126196748e-06,1.0257288753865916e-06,3.910647502129639e-06,-2.764490950730044e-09,1.2830968525700608e-09,-2.226482475530316e-09,1.7530971151229471e-09,1.8171874919826884e-09,1.3954339359916549e-08,5.572292048112493e-07
576,11.520000000000012,772.8645763567184,2.691679632612806e-09,4.51650744969061e-09,-2.5457702124007602e-12,2.5454390712796853e-12,-5.268936426545301e-12,4.965910511336519e-12,-2.3836002088231877e-16,-8.1051202105874e-09,8.97236723700324e-10,2.3335780545639065e-06,1.786436962537225e-06,1.3874073126196748e-06,1.0257829864758863e-06,3.9107382974343754e-06,-2.764541860153714e-09,1.2831477553714249e-09,-2.2265881464130844e-09,1.7531967116679366e-09,1.8171874872177046e-09,1.3791401817792038e-08,5.572472420450685e-07
577,11.540000000000017,772.865950991928,2.6642176049942483e-09,4.470473106059191e-09,-2.5471070200426552e-12,2.5467758228482643e-12,-5.2404912495424766e-12,4.938845597490095e-12,-2.3857871975124983e-16,-8.022471163733052e-09,8.880826681075611e-10,2.3335780545639065e-06,1.786436962537225e-06,1.3874073126196748e-06,1.0258365454482624e-06,3.910828167239933e-06,-2.764592788926157e-09,1.2831986775203662e-09,-2.2266932406898205e-09,1.753295759229025e-09,1.8171874824482738e-09,1.3630125904048793e-08,5.572650952389866e-07
578,11.560000000000011,772.8673121490535,2.6370273583597746e-09,4.424893440629251e-09,-2.548830176634523e-12,2.5484989271588676e-12,-5.209605027315127e-12,4.9093388303561216e-12,-2.387962234408341e-16,-7.940639168950696e-09,8.790192062043293e-10,2.3335780545639065e-06,1.786436962537225e-06,1.3874073126196748e-06,1.025889557897896e-06,3.9109171209054e-06,-2.764643748298089e-09,1.2832496302678662e-09,-2.226797741652588e-09,1.7533942410733034e-09,1.8171874776746079e-09,1.3470494800722001e-08,5.572827662577297e-07
579,11.580000000000043,772.8686597525883,2.610110540643869e-09,4.3797712599371615e-09,-2.5510260590985247e-12,2.5506947577201322e-12,-5.176103260092393e-12,4.877189998577122e-12,-2.3901575734428197e-16,-7.859629205167556e-09,8.700468881651791e-10,2.3335780545639065e-06,1.786436962537225e-06,1.3874073126196748e-06,1.025942029276886e-06,3.911005167552405e-06,-2.7646947468605416e-09,1.283300622204715e-09,-2.2269015987354252e-09,1.753492106361593e-09,1.817187472896495e-09,1.3312492116980569e-08,5.573002569186734e-07
580,11.599999999999994,772.869993602196,2.5834714242769205e-09,4.335113738142217e-09,-2.5538419711500186e-12,2.5535106206482917e-12,-5.1419282497392324e-12,4.844364209284593e-12,-2.3923612034017963e-16,-7.779454165160147e-09,8.611671373680876e-10,2.3335780545639065e-06,1.786436962537225e-06,1.3874073126196748e-06,1.025993965096535e-06,3.911092316402386e-06,-2.764745795540663e-09,1.2833516642584985e-09,-2.2270047790505845e-09,1.7535893219036714e-09,1.8171874681139353e-09,1.315610128327767e-08,5.573175690589288e-07
581,11.620000000000013,772.871313908876,2.557105630420707e-09,4.2909135626465716e-09,-2.5568858416087204e-12,2.556554434813319e-12,-5.097041911074775e-12,4.800820906746272e-12,-2.394553794641299e-16,-7.700100895484208e-09,8.523784942834391e-10,2.3335780545639065e-06,1.786436962537225e-06,1.3874073126196748e-06,1.026045370867082e-06,3.911178576675394e-06,-2.7647969028189472e-09,1.2834027649090533e-09,-2.227107168752179e-09,1.7536857737548319e-09,1.8171874633269286e-09,1.3001305732671078e-08,5.573347045152453e-07
582,11.640000000000013,772.8726214098166,2.5309977214032245e-09,4.247144892031956e-09,-2.5591133573334157e-12,2.5587819087932963e-12,-5.006772036848456e-12,4.711866697595456e-12,-2.39673639456969e-16,-7.62152295070475e-09,8.436758137310183e-10,2.3335780545639065e-06,1.786436962537225e-06,1.3874073126196748e-06,1.0260962519006002e-06,3.911263957259941e-06,-2.7648480628110563e-09,1.2834539182724894e-09,-2.22720820689158e-09,1.7537809006308753e-09,1.8171874585356867e-09,1.2848089494209192e-08,5.573516650583255e-07
583,11.660000000000029,772.8739156219104,2.5051579002430027e-09,4.203824847456398e-09,-2.5612088249464274e-12,2.560877353095444e-12,-4.894403851171383e-12,4.600800686753688e-12,-2.3989186073615883e-16,-7.543751069422332e-09,8.350624962510334e-10,2.3335780545639065e-06,1.786436962537225e-06,1.3874073126196748e-06,1.0261466134568167e-06,3.911348466957336e-06,-2.7648992660327625e-09,1.2835051148651082e-09,-2.2273072186505564e-09,1.7538740273047189e-09,1.817187453739998e-09,1.2696436754007804e-08,5.573684524414253e-07
584,11.680000000000001,772.8751965451551,2.479586218609675e-09,4.160953540700471e-09,-2.563172223021227e-12,2.5628407462971705e-12,-4.787600270667892e-12,4.495285789066812e-12,-2.4010919626093383e-16,-7.466785432309375e-09,8.265385590667371e-10,2.3335780545639065e-06,1.786436962537225e-06,1.3874073126196748e-06,1.0261964608980052e-06,3.911432114741217e-06,-2.7649505098434404e-09,1.2835563520461021e-09,-2.2274040386918765e-09,1.753964988169477e-09,1.817187448940074e-09,1.254633138899069e-08,5.573850684519784e-07
585,11.70000000000004,772.876464888871,2.45426785186844e-09,4.118506128611238e-09,-2.56324194197343e-12,2.5629105399990523e-12,-4.733726204286749e-12,4.442706307865547e-12,-2.4033193300610486e-16,-7.3905814488300155e-09,8.18099059980668e-10,2.3335780545639065e-06,1.786436962537225e-06,1.3874073126196748e-06,1.02624579943871e-06,3.911514909337911e-06,-2.7650017739850267e-09,1.2836076095589653e-09,-2.2274992519565884e-09,1.7540543680904465e-09,1.817187444135703e-09,1.2397757720179008e-08,5.574015148281688e-07
586,11.719999999999997,772.877720582179,2.429204334356509e-09,4.076485208404709e-09,-2.561593688812479e-12,2.5612624340964524e-12,-4.6954776278792064e-12,4.4057561579496825e-12,-2.405539572169022e-16,-7.31514375999053e-09,8.097445105079285e-10,2.3335780545639065e-06,1.786436962537225e-06,1.3874073126196748e-06,1.026294634160572e-06,3.9115968592512805e-06,-2.765053022341307e-09,1.2836588512887062e-09,-2.2275935439948313e-09,1.7541428527151045e-09,1.8171874393268853e-09,1.225070046809112e-08,5.574177932638736e-07
587,11.74,772.8789634370283,2.4043996581621414e-09,4.03489750010246e-09,-2.5586942752696774e-12,2.5583632200735444e-12,-4.659494136343324e-12,4.371069840154984e-12,-2.4077503782533486e-16,-7.240484403654271e-09,8.01476241516086e-10,2.3335780545639065e-06,1.786436962537225e-06,1.3874073126196748e-06,1.0263429702004972e-06,3.911677973078366e-06,-2.7651042252208117e-09,1.283710047545248e-09,-2.2276870937124576e-09,1.7542306209750856e-09,1.8171874345136205e-09,1.2105144186454649e-08,5.574339054713939e-07
588,11.760000000000023,772.8801936492029,2.3798497737583363e-09,3.9937362335108315e-09,-2.555407486549674e-12,2.555076629555861e-12,-4.6253966755136894e-12,4.338273954345484e-12,-2.409951929333112e-16,-7.16659121567022e-09,7.932929029744183e-10,2.3335780545639065e-06,1.786436962537225e-06,1.3874073126196748e-06,1.0263908126948164e-06,3.911758259415702e-06,-2.765155366238536e-09,1.2837611819437444e-09,-2.227779942620646e-09,1.7543177144130306e-09,1.817187429695909e-09,1.196107343026124e-08,5.574498531628388e-07
589,11.779999999999998,772.8814119027547,2.355540411128704e-09,3.952977491512879e-09,-2.554752051407363e-12,2.5544212246373563e-12,-4.5958102415620135e-12,4.310013299297829e-12,-2.412144865975895e-16,-7.093421271208551e-09,7.851897375504772e-10,2.3335780545639065e-06,1.786436962537225e-06,1.3874073126196748e-06,1.0264381665966652e-06,3.911837726552952e-06,-2.765206467834076e-09,1.2838122769222863e-09,-2.227872154689866e-09,1.7544041972855669e-09,1.8171874248737503e-09,1.1818473305392633e-08,5.57465637989244e-07
590,11.800000000000008,772.8826177493991,2.3314809968035245e-09,3.912637109801107e-09,-2.5547499519554923e-12,2.554419101618246e-12,-4.569879382367094e-12,4.285419498198913e-12,-2.4143408502263953e-16,-7.0210029622878885e-09,7.771698878518497e-10,2.3335780545639065e-06,1.786436962537225e-06,1.3874073126196748e-06,1.0264850368107445e-06,3.911916382698965e-06,-2.7652575628540993e-09,1.2838633653255489e-09,-2.2279638115861635e-09,1.7544901516135418e-09,1.8171874200473566e-09,1.1677329063057596e-08,5.57481261585498e-07
591,11.820000000000002,772.8838111891326,2.3076715883074135e-09,3.872715289857594e-09,-2.555401287365331e-12,2.555070356143264e-12,-4.5466786088014895e-12,4.263441698526747e-12,-2.4165307288231506e-16,-6.949336445931468e-09,7.692333772610226e-10,2.3335780545639065e-06,1.786436962537225e-06,1.3874073126196748e-06,1.0265314283365956e-06,3.911994236222962e-06,-2.7653086643666303e-09,1.2839144602201264e-09,-2.2280549771660824e-09,1.754575640225509e-09,1.817187415216516e-09,1.1537625668975443e-08,5.574967256181491e-07
592,11.84000000000002,772.8849928977064,2.2840981046867605e-09,3.833188387743917e-09,-2.5558734562245503e-12,2.5555425557556686e-12,-4.5225764361248064e-12,4.240530434183652e-12,-2.4187561845538806e-16,-6.878379383022214e-09,7.613755093695532e-10,2.3335780545639065e-06,1.786436962537225e-06,1.3874073126196748e-06,1.0265773460335256e-06,3.9120712952597375e-06,-2.7653597771142062e-09,1.2839655663492454e-09,-2.2281456697164284e-09,1.7546606799468362e-09,1.8171874103812284e-09,1.1399348510685786e-08,5.575120317070154e-07
593,11.859999999999998,772.886162807599,2.260761995163102e-09,3.794058834236092e-09,-2.556249632359185e-12,2.5559188640950797e-12,-4.4981187005619306e-12,4.217261052627193e-12,-2.420990779608784e-16,-6.808136165144994e-09,7.535967662610751e-10,2.3335780545639065e-06,1.786436962537225e-06,1.3874073126196748e-06,1.026622794634524e-06,3.912147567731957e-06,-2.7654108983452406e-09,1.284016680963444e-09,-2.228235876667868e-09,1.7547452578617041e-09,1.8171874055414939e-09,1.1262483355204263e-08,5.575271814297717e-07
594,11.880000000000038,772.8873207396567,2.2376670439438874e-09,3.755332992430688e-09,-2.5567505885524923e-12,2.5564200063867634e-12,-4.474120087360633e-12,4.1944522971130996e-12,-2.423215313295156e-16,-6.738618204883732e-09,7.458984092031085e-10,2.3335780545639065e-06,1.786436962537225e-06,1.3874073126196748e-06,1.0266677789249151e-06,3.912223061650224e-06,-2.7654620283473012e-09,1.2840678043521488e-09,-2.228325599055687e-09,1.7548293749952018e-09,1.8171874006973124e-09,1.1127015811503701e-08,5.575421763815264e-07
595,11.900000000000034,772.8884668780814,2.2148094545738306e-09,3.7170045271869403e-09,-2.5573905908323623e-12,2.557060205464056e-12,-4.447526734492814e-12,4.16903406504434e-12,-2.425433972730376e-16,-6.6698140894192315e-09,7.382791732566978e-10,2.3335780545639065e-06,1.786436962537225e-06,1.3874073126196748e-06,1.0267123036899004e-06,3.91229778502542e-06,-2.7655131697588956e-09,1.2841189391542673e-09,-2.2284148155238558e-09,1.7549130098588233e-09,1.817187395848684e-09,1.0992931488560699e-08,5.57557018157351e-07
596,11.92000000000001,772.8896018664768,2.192175857242522e-09,3.6790510761161028e-09,-2.5581365355323302e-12,2.5578062490475813e-12,-4.400373262368501e-12,4.1229840714386876e-12,-2.427698528029237e-16,-6.601683574842271e-09,7.307346037309165e-10,2.3335780545639065e-06,1.786436962537225e-06,1.3874073126196748e-06,1.0267563735430185e-06,3.912371745581453e-06,-2.7655643250300666e-09,1.2841700878188123e-09,-2.2285032945238478e-09,1.754995930040188e-09,1.8171873909956088e-09,1.0860216511918239e-08,5.575717082951208e-07
597,11.940000000000028,772.8907252830622,2.169775078685027e-09,3.6414874348441706e-09,-2.5589842337623053e-12,2.558654026956274e-12,-4.345338552213799e-12,4.069018359510294e-12,-2.429980818190331e-16,-6.534253261753181e-09,7.232676416215667e-10,2.3335780545639065e-06,1.786436962537225e-06,1.3874073126196748e-06,1.026799993052378e-06,3.912444950966563e-06,-2.765615496237739e-09,1.2842212524215724e-09,-2.2285907516419046e-09,1.7550778500644976e-09,1.8171873861378749e-09,1.072885714355217e-08,5.575862483175744e-07
598,11.960000000000038,772.8918371278428,2.147607157863636e-09,3.604313687583607e-09,-2.559933703682184e-12,2.5596035492037762e-12,-4.283222903478966e-12,4.007937405002897e-12,-2.4322531291044725e-16,-6.467523286479317e-09,7.158782999103438e-10,2.3335780545639065e-06,1.786436962537225e-06,1.3874073126196748e-06,1.0268431668747434e-06,3.912517408977787e-06,-2.7656666854169094e-09,1.284272434997334e-09,-2.2286770372564324e-09,1.7551586196221427e-09,1.817187381275694e-09,1.0598839378069779e-08,5.576006397769897e-07
599,11.980000000000024,772.8929380217295,2.125659211368972e-09,3.5675081839638325e-09,-2.5605857727336524e-12,2.5602557143850644e-12,-4.2276679283372585e-12,3.953478978869085e-12,-2.434517099155975e-16,-6.40145491377176e-09,7.085622808984859e-10,2.3335780545639065e-06,1.786436962537225e-06,1.3874073126196748e-06,1.0268858995384356e-06,3.912589127196502e-06,-2.765717890611779e-09,1.2843236335899699e-09,-2.228762146164743e-09,1.7552382337859813e-09,1.8171873764088544e-09,1.0470149596067362e-08,5.576148841827978e-07
600,12.000000000000023,772.8940279026767,2.1039325665171443e-09,3.5310731738850913e-09,-2.560980292522131e-12,2.560650361834927e-12,-4.1729415276124515e-12,3.899901376433586e-12,-2.436776058966429e-16,-6.336052153990165e-09,7.013200273474011e-10,2.3335780545639065e-06,1.786436962537225e-06,1.3874073126196748e-06,1.0269281954562144e-06,3.912660113010081e-06,-2.7657691062725873e-09,1.2843748426507322e-09,-2.228846152259238e-09,1.7553167675895343e-09,1.817187371537568e-09,1.0342774525389746e-08,5.576289830058803e-07
601,12.020000000000024,772.8951066060717,2.0824306855684553e-09,3.495014498132354e-09,-2.561223077405213e-12,2.5608932905902235e-12,-4.123426642443767e-12,3.851562045420543e-12,-2.4390290320062977e-16,-6.271325439613896e-09,6.941526941998237e-10,2.3335780545639065e-06,1.786436962537225e-06,1.3874073126196748e-06,1.0269700590887354e-06,3.912730373886801e-06,-2.7658203283064717e-09,1.2844260580872564e-09,-2.22892911594099e-09,1.7553942822237528e-09,1.8171873666618345e-09,1.0216700749453696e-08,5.576429377330958e-07
602,12.040000000000033,772.896174305075,2.0611500102077314e-09,3.4593262127162057e-09,-2.5613907803653026e-12,2.5610611383243108e-12,-4.0931337898390896e-12,3.8224625984004526e-12,-2.441272902349744e-16,-6.2072640736131035e-09,6.870590956499232e-10,2.3335780545639065e-06,1.786436962537225e-06,1.3874073126196748e-06,1.0270114948956931e-06,3.912799917293909e-06,-2.7658715544450777e-09,1.2844772776315455e-09,-2.229011281545334e-09,1.755471022470191e-09,1.8171873617814425e-09,1.0091914854321374e-08,5.576567498509943e-07
603,12.060000000000041,772.8972316046982,2.0400780166251326e-09,3.4239873527585513e-09,-2.561751265856441e-12,2.561421728832573e-12,-4.04900238293452e-12,3.779510121500038e-12,-2.44353325667435e-16,-6.1438303614122155e-09,6.80035058180322e-10,2.3335780545639065e-06,1.786436962537225e-06,1.3874073126196748e-06,1.0270525071759614e-06,3.912868750429564e-06,-2.7659227858653577e-09,1.2845285024602172e-09,-2.229092702907144e-09,1.75554704219739e-09,1.8171873568966035e-09,9.968403909971068e-09,5.576704207925327e-07
604,12.080000000000004,772.8982781084546,2.0192229686687216e-09,3.389011780254007e-09,-2.5621289890685892e-12,2.561799551146286e-12,-4.0238824377949305e-12,3.7555748328123734e-12,-2.445810699142469e-16,-6.081049203026952e-09,6.730833357282042e-10,2.3335780545639065e-06,1.786436962537225e-06,1.3874073126196748e-06,1.0270931001858143e-06,3.912936880420894e-06,-2.7659740246679533e-09,1.2845797346730168e-09,-2.2291734317553565e-09,1.7556223930469331e-09,1.8171873520073175e-09,9.846155114326908e-09,5.576839519764717e-07
605,12.10000000000004,772.8993138163462,1.9985849000722384e-09,3.3543995675152717e-09,-2.5625239459879924e-12,2.562194601889275e-12,-4.006159173660642e-12,3.739043082143755e-12,-2.4481240724447216e-16,-6.018920716839689e-09,6.662039395002045e-10,2.3335780545639065e-06,1.786436962537225e-06,1.3874073126196748e-06,1.0271332782645018e-06,3.913004314534372e-06,-2.7660252711971835e-09,1.2846309746145473e-09,-2.2292537321715516e-09,1.7556973392260828e-09,1.817187347113373e-09,9.725155415128018e-09,5.576973448492241e-07
606,12.120000000000017,772.9003393097998,1.9781517938508225e-09,3.320130607467744e-09,-2.5627242848754087e-12,2.562395081529149e-12,-3.979503987198416e-12,3.713539478741261e-12,-2.4504303566222366e-16,-5.957408727967163e-09,6.593928654034417e-10,2.3335780545639065e-06,1.786436962537225e-06,1.3874073126196748e-06,1.027173045631441e-06,3.9130710598361215e-06,-2.7660765236793612e-09,1.2846822205113814e-09,-2.229333588803257e-09,1.7557718650516915e-09,1.8171873422147696e-09,9.60539212068009e-09,5.577106008172731e-07
607,12.139999999999999,772.9013545307239,1.9579248854646004e-09,3.286206984340054e-09,-2.5627511423054105e-12,2.562422121431282e-12,-3.9451574219996465e-12,3.680309304644699e-12,-2.452729503551015e-16,-5.896516972492516e-09,6.52650525099055e-10,2.3335780545639065e-06,1.786436962537225e-06,1.3874073126196748e-06,1.0272124063982342e-06,3.913137123212039e-06,-2.766127778433705e-09,1.2847334686834109e-09,-2.229412835417292e-09,1.7558458035395253e-09,1.8171873373115077e-09,9.4868528636756e-09,5.57723721251178e-07
608,12.160000000000037,772.9023593249658,1.937907401322648e-09,3.2526341164468944e-09,-2.5626606609540433e-12,2.5623318462864113e-12,-3.907855786046504e-12,3.644101327800461e-12,-2.4550213895842026e-16,-5.836255182633553e-09,6.459779936390537e-10,2.3335780545639065e-06,1.786436962537225e-06,1.3874073126196748e-06,1.027251364721102e-06,3.913202511623047e-06,-2.7661790325519267e-09,1.284784716223088e-09,-2.2294913655494503e-09,1.75591904764585e-09,1.8171873324037988e-09,9.369525142124113e-09,5.577367075363654e-07
609,12.18,772.9033538545906,1.918096017679766e-09,3.2194064311564835e-09,-2.562573790285701e-12,2.562245195925218e-12,-3.868336307599322e-12,3.6056727511196317e-12,-2.457306295646803e-16,-5.7766133733930815e-09,6.393741624382827e-10,2.3335780545639065e-06,1.786436962537225e-06,1.3874073126196748e-06,1.027289924755292e-06,3.913267232028523e-06,-2.7662302848964616e-09,1.2848359619935101e-09,-2.229569127470371e-09,1.7559915453866391e-09,1.8171873274914312e-09,9.253396456564065e-09,5.577495610579262e-07
610,12.20000000000002,772.9043386858272,1.898479042241013e-09,3.1865042861684564e-09,-2.562934268975854e-12,2.562605893505943e-12,-3.835892662807713e-12,3.5743870457647727e-12,-2.4595852095614825e-16,-5.717556380181708e-09,6.328351317232759e-10,2.3335780545639065e-06,1.786436962537225e-06,1.3874073126196748e-06,1.0273280905058912e-06,3.913331291135696e-06,-2.766281539976913e-09,1.2848872105044045e-09,-2.2296461697601467e-09,1.7560633459846081e-09,1.8171873225746167e-09,9.138454759028197e-09,5.577622831508679e-07
611,12.22000000000004,772.9053134476052,1.8790641863891496e-09,3.1539406598309197e-09,-2.563465754016556e-12,2.5631376100304125e-12,-3.806641656159437e-12,3.5463152783551923e-12,-2.4618574801152733e-16,-5.659107419002036e-09,6.263634734895032e-10,2.3335780545639065e-06,1.786436962537225e-06,1.3874073126196748e-06,1.0273658659381776e-06,3.913394695585156e-06,-2.7663328039770446e-09,1.2849384679394399e-09,-2.229722595103311e-09,1.7561345530078494e-09,1.8171873176531435e-09,9.024688121036251e-09,5.5777487513692e-07
612,12.240000000000007,772.9062781399222,1.8598514795064688e-09,3.121715615748758e-09,-2.5641467126643406e-12,2.5638188048374354e-12,-3.779641804819258e-12,3.5205159664672815e-12,-2.464123104971237e-16,-5.601266592627985e-09,6.199591975312534e-10,2.3335780545639065e-06,1.786436962537225e-06,1.3874073126196748e-06,1.0274032550948365e-06,3.9134574521479116e-06,-2.766384080101606e-09,1.2849897375035886e-09,-2.229798457937824e-09,1.7562052213202974e-09,1.8171873127272234e-09,8.912084380920134e-09,5.577873383636302e-07
613,12.260000000000025,772.9072333067342,1.8408297150476344e-09,3.089810388434398e-09,-2.5648270269109488e-12,2.5644993019850786e-12,-3.765421132702272e-12,3.5074911691204668e-12,-2.466382548180658e-16,-5.544000168361484e-09,6.136185692062209e-10,2.3335780545639065e-06,1.786436962537225e-06,1.3874073126196748e-06,1.0274402619067822e-06,3.913519567407953e-06,-2.766435369838834e-09,1.285041020684657e-09,-2.2298739085671413e-09,1.7562755013916533e-09,1.8171873077966446e-09,8.800631713310142e-09,5.577996741412976e-07
614,12.279999999999989,772.9081788936859,1.82200004291216e-09,3.0582269181901636e-09,-2.565521707760526e-12,2.5651941238530045e-12,-3.749966001011383e-12,3.493229841100288e-12,-2.468635760955283e-16,-5.487311622221836e-09,6.073419717269121e-10,2.3335780545639065e-06,1.786436962537225e-06,1.3874073126196748e-06,1.0274768902043617e-06,3.913581047781019e-06,-2.766486673326371e-09,1.2850923176189153e-09,-2.2299490624384657e-09,1.7563455086017553e-09,1.8171873028616189e-09,8.690318595404508e-09,5.578118837467069e-07
615,12.300000000000036,772.9091147565653,1.8033654693116046e-09,3.026970256148341e-09,-2.5662705725601565e-12,2.565943100604303e-12,-3.734892915583165e-12,3.4793553717558695e-12,-2.470882617435512e-16,-5.4312100202884226e-09,6.011304069325191e-10,2.3335780545639065e-06,1.786436962537225e-06,1.3874073126196748e-06,1.027513143859484e-06,3.913641899752763e-06,-2.7665379912490437e-09,1.28514362899116e-09,-2.230023911027681e-09,1.756415234453884e-09,1.8171872979221463e-09,8.581133378979146e-09,5.578239684704934e-07
616,12.320000000000002,772.9100410468476,1.7849228971624692e-09,2.9960352270201223e-09,-2.566865521054688e-12,2.5665381451243214e-12,-3.714795551446267e-12,3.460451716076878e-12,-2.473131109413284e-16,-5.375686048445893e-09,5.949828427877042e-10,2.3335780545639065e-06,1.786436962537225e-06,1.3874073126196748e-06,1.0275490267431487e-06,3.913702129807595e-06,-2.766589322609894e-09,1.2851949538036173e-09,-2.2300984079122993e-09,1.756484632524762e-09,1.8171872929782267e-09,8.473064418291987e-09,5.578359296029907e-07
617,12.340000000000018,772.9109582937656,1.7666614366038385e-09,2.965403599525591e-09,-2.566579384199247e-12,2.5662521255964723e-12,-3.66841639217644e-12,3.415227397264149e-12,-2.4753762212160384e-16,-5.32070692281576e-09,5.888956504774521e-10,2.3335780545639065e-06,1.786436962537225e-06,1.3874073126196748e-06,1.0275845425864864e-06,3.91376174419586e-06,-2.7666406570590267e-09,1.2852462817063246e-09,-2.2301722400316963e-09,1.7565533893158955e-09,1.8171872880296485e-09,8.366100488579287e-09,5.578477683879233e-07
618,12.360000000000023,772.9118661504916,1.7485882666829565e-09,2.9350874133303605e-09,-2.565888593117492e-12,2.565561448970424e-12,-3.6093314259242975e-12,3.35728065649231e-12,-2.4776174779024607e-16,-5.2662942766093805e-09,5.828712222713839e-10,2.3335780545639065e-06,1.786436962537225e-06,1.3874073126196748e-06,1.0276196950835192e-06,3.913820749105989e-06,-2.7666919817389047e-09,1.2852975998420703e-09,-2.2302450175099473e-09,1.756621114396433e-09,1.8171872830766233e-09,8.26023047658501e-09,5.578594860566508e-07
619,12.380000000000024,772.9127646170305,1.7307034129001824e-09,2.905086723637669e-09,-2.5647930962096494e-12,2.564466062876094e-12,-3.537539813401839e-12,3.286610653169605e-12,-2.479861557455221e-16,-5.212448199027806e-09,5.769095666696741e-10,2.3335780545639065e-06,1.786436962537225e-06,1.3874073126196748e-06,1.027654488000315e-06,3.913879150847358e-06,-2.766743288555705e-09,1.2853489001171887e-09,-2.230316486222345e-09,1.7566875533095297e-09,1.8171872781191512e-09,8.15544305182863e-09,5.578710838645402e-07
620,12.400000000000013,772.9136542019291,1.7129964219755693e-09,2.8753839749030276e-09,-2.5634574706286944e-12,2.563130598944984e-12,-3.488151875674048e-12,3.2383771030125834e-12,-2.4821051306127804e-16,-5.159137244610464e-09,5.710071975867123e-10,2.3335780545639065e-06,1.786436962537225e-06,1.3874073126196748e-06,1.0276889249986639e-06,3.9139369555543435e-06,-2.766794571061389e-09,1.285400176083807e-09,-2.2303867431393383e-09,1.7567528031870916e-09,1.8171872731572322e-09,8.051727197392305e-09,5.578825630321827e-07
621,12.420000000000002,772.9145348543716,1.6954683645552442e-09,2.8459809779223563e-09,-2.5618652342228517e-12,2.561538556107785e-12,-3.4576609220090496e-12,3.209068380617862e-12,-2.4843754369322647e-16,-5.106364646891183e-09,5.651644720706361e-10,2.3335780545639065e-06,1.786436962537225e-06,1.3874073126196748e-06,1.027723009646529e-06,3.913994169203872e-06,-2.766845824288532e-09,1.2854514227753575e-09,-2.2304562012674167e-09,1.756817277641928e-09,1.8171872681906545e-09,7.949072178477347e-09,5.578939247488793e-07
622,12.44000000000002,772.9154064395374,1.678122042508552e-09,2.8168824530453207e-09,-2.5599727037331222e-12,2.5596462387994456e-12,-3.4395636436899682e-12,3.192168033927272e-12,-2.4866913719891227e-16,-5.054138849329304e-09,5.593823245192609e-10,2.3335780545639065e-06,1.786436962537225e-06,1.3874073126196748e-06,1.0277567455505998e-06,3.914050797838182e-06,-2.766897042667893e-09,1.2855026346233065e-09,-2.2305251735130443e-09,1.7568812900060734e-09,1.81718726321963e-09,7.847467143515045e-09,5.579051702168452e-07
623,12.460000000000031,772.9162690976112,1.660954596629514e-09,2.788083618371623e-09,-2.558217877761416e-12,2.5578916378122557e-12,-3.4290876623010063e-12,3.182899204635644e-12,-2.489005776594749e-16,-5.00245125341741e-09,5.536598020144619e-10,2.3335780545639065e-06,1.786436962537225e-06,1.3874073126196748e-06,1.0277901363169912e-06,3.914106847498896e-06,-2.7669482245735914e-09,1.2855538100020727e-09,-2.230593860026083e-09,1.756945040678459e-09,1.8171872582439466e-09,7.746901242487526e-09,5.579163006381105e-07
624,12.479999999999976,772.9171233184045,1.6439559774183046e-09,2.759567637753738e-09,-2.558131266960047e-12,2.557805212172523e-12,-3.417263948094155e-12,3.1722761315280723e-12,-2.491314208483451e-16,-4.951271607454988e-09,5.479935552857217e-10,2.3335780545639065e-06,1.786436962537225e-06,1.3874073126196748e-06,1.0278231854227316e-06,3.914162324011457e-06,-2.766999388065217e-09,1.2856049669705724e-09,-2.2306623235422403e-09,1.7570085924318205e-09,1.8171872532636047e-09,7.647364013879079e-09,5.579273171716835e-07
625,12.50000000000001,772.9179687809262,1.6271328079167155e-09,2.7313456271104417e-09,-2.5587100383699587e-12,2.558384163215207e-12,-3.410127037052585e-12,3.1663411088551715e-12,-2.493626307237631e-16,-4.900619865613591e-09,5.423857917524134e-10,2.3335780545639065e-06,1.786436962537225e-06,1.3874073126196748e-06,1.027855896310585e-06,3.914217233144106e-06,-2.7670505564781043e-09,1.2856561288643263e-09,-2.23073059745219e-09,1.7570719786042245e-09,1.817187248278604e-09,7.54884509914822e-09,5.57938220965154e-07
626,12.520000000000033,772.9188054851771,1.6104851098624322e-09,2.703417631082687e-09,-2.5599542680765066e-12,2.5596285672367327e-12,-3.4063846986419138e-12,3.1638058459602975e-12,-2.495941430132477e-16,-4.850496105325663e-09,5.368365185282133e-10,2.3335780545639065e-06,1.786436962537225e-06,1.3874073126196748e-06,1.0278882724897629e-06,3.9142715807766875e-06,-2.767101743121258e-09,1.285707308991631e-09,-2.230798762569651e-09,1.7571352800737728e-09,1.8171872432889447e-09,7.451333939438717e-09,5.579490131882568e-07
627,12.540000000000024,772.9196339145587,1.5940029747149277e-09,2.6757670425061958e-09,-2.5601970619162474e-12,2.559871521110836e-12,-3.401276176496399e-12,3.159902379753168e-12,-2.4982561043346305e-16,-4.800870501066283e-09,5.313424330083268e-10,2.3335780545639065e-06,1.786436962537225e-06,1.3874073126196748e-06,1.0279203173706087e-06,3.914325372623423e-06,-2.7671529446344988e-09,1.2857585039925145e-09,-2.2308668391783104e-09,1.75719851715603e-09,1.8171872382948384e-09,7.354820273374842e-09,5.579596949777722e-07
628,12.560000000000022,772.9204540207721,1.5776874164594745e-09,2.6483955801825834e-09,-2.5596048806236566e-12,2.5592794875701436e-12,-3.395260203434629e-12,3.1550777829630564e-12,-2.5005793318819253e-16,-4.7517461123496645e-09,5.259038735790667e-10,2.3335780545639065e-06,1.786436962537225e-06,1.3874073126196748e-06,1.0279520342745204e-06,3.91437861424965e-06,-2.7672041426537285e-09,1.2858096955026013e-09,-2.2309348045421093e-09,1.757261666957657e-09,1.8171872332960735e-09,7.259294107240693e-09,5.57970267440838e-07
629,12.58000000000003,772.9212656756539,1.5615410938690733e-09,2.621307748628744e-09,-2.5590801233497473e-12,2.5587548651484592e-12,-3.3898058880434723e-12,3.1507497586298707e-12,-2.502940614106109e-16,-4.7031309390392815e-09,5.205217282231379e-10,2.3335780545639065e-06,1.786436962537225e-06,1.3874073126196748e-06,1.0279834265596238e-06,3.9144313112829386e-06,-2.7672553295035583e-09,1.2858608758461284e-09,-2.231002655203036e-09,1.757324725233073e-09,1.8171872282926499e-09,7.164745336726764e-09,5.57980731696856e-07
630,12.600000000000055,772.922069010839,1.5455613210998186e-09,2.5944990113106553e-09,-2.5585630345039212e-12,2.558237903410561e-12,-3.382804467575619e-12,3.144870721300696e-12,-2.5053321821808496e-16,-4.655016922606025e-09,5.151950996061367e-10,2.3335780545639065e-06,1.786436962537225e-06,1.3874073126196748e-06,1.0280144975837735e-06,3.914483469350538e-06,-2.7673065059353064e-09,1.285912045773814e-09,-2.231070381306497e-09,1.7573876814378724e-09,1.8171872232843558e-09,7.071163858110196e-09,5.579910888651343e-07
631,12.62000000000004,772.922864486219,1.5297386852922987e-09,2.5679535965983383e-09,-2.5588846416212577e-12,2.5585596396041505e-12,-3.36446186350973e-12,3.1276308708325766e-12,-2.5077184070961864e-16,-4.607375725759637e-09,5.099208506355304e-10,2.3335780545639065e-06,1.786436962537225e-06,1.3874073126196748e-06,1.0280452505838373e-06,3.914535093876617e-06,-2.7673576804121025e-09,1.2859632137492441e-09,-2.231137853969865e-09,1.7574504064537937e-09,1.817187218271403e-09,6.978539931626607e-09,5.580013400246367e-07
632,12.640000000000013,772.9236518004119,1.5140793870584587e-09,2.54168190960199e-09,-2.559417274118186e-12,2.559092396523795e-12,-3.3446151453820437e-12,3.1088774775384684e-12,-2.5101007110520093e-16,-4.560226030944795e-09,5.047010478398523e-10,2.3335780545639065e-06,1.786436962537225e-06,1.3874073126196748e-06,1.0280756887645608e-06,3.914586190231679e-06,-2.7674088634312258e-09,1.2860143902696054e-09,-2.2312049447399587e-09,1.7575127715372773e-09,1.8171872132535799e-09,6.886863914059687e-09,5.580114862436214e-07
633,12.660000000000025,772.9244309534123,1.4985834455857154e-09,2.5156839918274243e-09,-2.5601609498685066e-12,2.559836189415353e-12,-3.3283792477854577e-12,3.093725542430868e-12,-2.512477933192016e-16,-4.513567905312278e-09,4.995356976127445e-10,2.3335780545639065e-06,1.786436962537225e-06,1.3874073126196748e-06,1.0281058153928873e-06,3.914636763890693e-06,-2.7674600592134415e-09,1.2860655795554647e-09,-2.2312716746839694e-09,1.7575747975674771e-09,1.817187208231098e-09,6.796125974697062e-09,5.58021528611076e-07
634,12.680000000000046,772.9252023884198,1.4832418000740733e-09,2.4899446337316007e-09,-2.5610159705889318e-12,2.560691383320337e-12,-3.3004578120953166e-12,3.066904504644561e-12,-2.514850123265985e-16,-4.4673740832461736e-09,4.944217788202291e-10,2.3335780545639065e-06,1.786436962537225e-06,1.3874073126196748e-06,1.028135633645344e-06,3.914686820176949e-06,-2.767511270982557e-09,1.286116784831192e-09,-2.23133796305467e-09,1.7576364038679479e-09,1.8171872032037457e-09,6.7063165548113835e-09,5.580314681858403e-07
635,12.700000000000014,772.9259660611441,1.4680553755589336e-09,2.4644653976762644e-09,-2.561992306837223e-12,2.561667941455308e-12,-3.2615911453411127e-12,3.0291520970301347e-12,-2.5172169581865373e-16,-4.421647357993819e-09,4.893595998940116e-10,2.3335780545639065e-06,1.786436962537225e-06,1.3874073126196748e-06,1.0281651466171003e-06,3.914736364277263e-06,-2.767562501065372e-09,1.2861680084244397e-09,-2.2314035835443384e-09,1.7576973644339644e-09,1.8171871981717347e-09,6.617426340399127e-09,5.580413059996274e-07
636,12.720000000000002,772.9267218540882,1.4530265971921257e-09,2.4392503656901843e-09,-2.563116405248494e-12,2.5627922928483167e-12,-3.2142192837984015e-12,2.9829015249297262e-12,-2.519584801157415e-16,-4.376395038500267e-09,4.843499694477071e-10,2.3335780545639065e-06,1.786436962537225e-06,1.3874073126196748e-06,1.0281943574368277e-06,3.9147854014348964e-06,-2.7676137521524866e-09,1.2862192530267826e-09,-2.2314683416485875e-09,1.757757484970184e-09,1.8171871931348533e-09,6.529445916434235e-09,5.580510430953208e-07
637,12.740000000000034,772.9274698895339,1.4381529814754337e-09,2.414295380674859e-09,-2.5641029172070685e-12,2.563779069055296e-12,-3.172087153457e-12,2.9418962077396253e-12,-2.5219542988392358e-16,-4.331609654860626e-09,4.793920596996385e-10,2.3335780545639065e-06,1.786436962537225e-06,1.3874073126196748e-06,1.0282232692326145e-06,3.91483393689236e-06,-2.7676650243455445e-09,1.2862705187404016e-09,-2.2315322047130265e-09,1.7578167329475108e-09,1.8171871880933132e-09,6.442365869500488e-09,5.580606805156123e-07
638,12.760000000000012,772.9282105947125,1.423425809937591e-09,2.3895858506645124e-09,-2.5639547947382053e-12,2.56363118064124e-12,-3.155141833241989e-12,2.9260418271406426e-12,-2.5243134192324614e-16,-4.287264950433402e-09,4.74482965882836e-10,2.3335780545639065e-06,1.786436962537225e-06,1.3874073126196748e-06,1.0282518850205285e-06,3.914881975704673e-06,-2.7677163049225345e-09,1.2863217928428985e-09,-2.2315954770029015e-09,1.7578754123278595e-09,1.8171871830471144e-09,6.3561771234476415e-09,5.580702192658682e-07
639,12.780000000000035,772.9289436896432,1.4088508221395176e-09,2.3651313839630757e-09,-2.5633253459049284e-12,2.5630019680839064e-12,-3.1437253551255638e-12,2.9157249495858217e-12,-2.526670855770169e-16,-4.243378229341248e-09,4.696245996891016e-10,2.3335780545639065e-06,1.786436962537225e-06,1.3874073126196748e-06,1.0282802077868494e-06,3.914929522877019e-06,-2.767767577723762e-09,1.2863730591743858e-09,-2.2316584656748055e-09,1.7579338299956267e-09,1.8171871779960452e-09,6.270870691649798e-09,5.580796603415239e-07
640,12.800000000000011,772.9296691743257,1.3944280356641325e-09,2.3409320243056827e-09,-2.5622145259715115e-12,2.561891381352162e-12,-3.136698649005618e-12,2.90979729594333e-12,-2.5290217704263253e-16,-4.199949549858511e-09,4.648169672885459e-10,2.3335780545639065e-06,1.786436962537225e-06,1.3874073126196748e-06,1.0283082405754274e-06,3.914976583511102e-06,-2.7678188331222743e-09,1.2864243081078801e-09,-2.2317212699148143e-09,1.757992085218082e-09,1.8171871729403173e-09,6.1864374138579e-09,5.580890047571937e-07
641,12.820000000000045,772.9303874704642,1.3801488495261613e-09,2.3169733540553844e-09,-2.5599727396362408e-12,2.5596497998306253e-12,-3.128706694762086e-12,2.9028955011248545e-12,-2.531375773169436e-16,-4.156953018277235e-09,4.600572019667217e-10,2.3335780545639065e-06,1.786436962537225e-06,1.3874073126196748e-06,1.0283359863442794e-06,3.915023162564886e-06,-2.767870054994799e-09,1.286475523519692e-09,-2.2317839239682584e-09,1.7580502121460527e-09,1.8171871678799307e-09,6.102868388176404e-09,5.580982534988862e-07
642,12.840000000000025,772.9310985359283,1.3660141401471283e-09,2.293256850386669e-09,-2.5566647919051185e-12,2.5563420276167975e-12,-3.1202845447561337e-12,2.8955559198000296e-12,-2.5337225025265425e-16,-4.114391281592758e-09,4.5534559582045523e-10,2.3335780545639065e-06,1.786436962537225e-06,1.3874073126196748e-06,1.028363447974176e-06,3.91506926486693e-06,-2.7679212213701483e-09,1.2865266834379663e-09,-2.2318464138806933e-09,1.7581081966602619e-09,1.8171871628148855e-09,6.020154945177787e-09,5.581074075268641e-07
643,12.86000000000001,772.9318022589089,1.3520262071404346e-09,2.2697863739414954e-09,-2.552462813770718e-12,2.552140195574831e-12,-3.1128520502961246e-12,2.8892064555392404e-12,-2.5360582896966744e-16,-4.072271274380516e-09,4.506829151173645e-10,2.3335780545639065e-06,1.786436962537225e-06,1.3874073126196748e-06,1.0283906283776489e-06,3.915114895299173e-06,-2.767972312646286e-09,1.2865777682601982e-09,-2.23190874524656e-09,1.7581660442840152e-09,1.8171871577451815e-09,5.9382883196181144e-09,5.581164678119734e-07
644,12.880000000000003,772.9324987530827,1.338182745986719e-09,2.2465580651406522e-09,-2.5479892900363417e-12,2.547666795072047e-12,-3.1050071838207333e-12,2.8824455668077983e-12,-2.538384127225092e-16,-4.0305860648448226e-09,4.460683916678474e-10,2.3335780545639065e-06,1.786436962537225e-06,1.3874073126196748e-06,1.0284175304671802e-06,3.9151600587435645e-06,-2.768023317167192e-09,1.2866287663301047e-09,-2.2319709238388113e-09,1.7582237608042387e-09,1.8171871526708189e-09,5.857259746225892e-09,5.581254353250413e-07
645,12.900000000000022,772.9331884156176,1.3244756671514699e-09,2.223558364785413e-09,-2.545419395466948e-12,2.545097005450299e-12,-3.0918511488965466e-12,2.870363749946007e-12,-2.540704506149612e-16,-3.989311297397005e-09,4.4149932931953754e-10,2.3335780545639065e-06,1.786436962537225e-06,1.3874073126196748e-06,1.0284441570513115e-06,3.915204759907864e-06,-2.76807425125392e-09,1.28667969396811e-09,-2.2320328924221607e-09,1.7582812888974063e-09,1.8171871475917976e-09,5.7770607726033965e-09,5.581343110022512e-07
646,12.920000000000016,772.9338709862337,1.3109102960946523e-09,2.200796210886553e-09,-2.5433277706729307e-12,2.5430054572700483e-12,-3.0765941036844614e-12,2.8561781789278447e-12,-2.543015739787123e-16,-3.948463017432075e-09,4.3697750299061014e-10,2.3335780545639065e-06,1.786436962537225e-06,1.3874073126196748e-06,1.028470510910944e-06,3.91524900345362e-06,-2.76812513872546e-09,1.286730574992737e-09,-2.2320945768746606e-09,1.758338554316695e-09,1.8171871425081176e-09,5.697683029455129e-09,5.581430957705743e-07
647,12.940000000000028,772.9345464649322,1.2974866472599241e-09,2.1782716347281203e-09,-2.541714459869747e-12,2.541392188938846e-12,-3.059235956863411e-12,2.8398887621213973e-12,-2.5453242993718313e-16,-3.908041275485724e-09,4.3250291749577437e-10,2.3335780545639065e-06,1.786436962537225e-06,1.3874073126196748e-06,1.0284965948803776e-06,3.9152927941320765e-06,-2.7681759891477794e-09,1.2867814189691993e-09,-2.2321559351752184e-09,1.7583955149861057e-09,1.817187137419779e-09,5.619117986525904e-09,5.581517905747791e-07
648,12.96000000000005,772.9352152446481,1.2841967264971003e-09,2.1559712740576766e-09,-2.5419847466112623e-12,2.5416625524033157e-12,-3.00259574571767e-12,2.7842469985806007e-12,-2.5476316302861613e-16,-3.868021985232954e-09,4.2807291038268093e-10,2.3335780545639065e-06,1.786436962537225e-06,1.3874073126196748e-06,1.0285224117141151e-06,3.915336136561165e-06,-2.7682268261399677e-09,1.2868322495166127e-09,-2.232216553492335e-09,1.7584517563437128e-09,1.8171871323267816e-09,5.541357353918629e-09,5.581603963330579e-07
649,12.980000000000054,772.9358772861193,1.2710413473727877e-09,2.1338964960753712e-09,-2.543998381860141e-12,2.5436762933739467e-12,-2.910722070049108e-12,2.6933082336910027e-12,-2.549933692335265e-16,-3.828407605143919e-09,4.236877526139755e-10,2.3335780545639065e-06,1.786436962537225e-06,1.3874073126196748e-06,1.0285479640948538e-06,3.915379035238866e-06,-2.768277685971129e-09,1.2868831029050705e-09,-2.2322756866705866e-09,1.7585065318960355e-09,1.8171871272291255e-09,5.464393058014848e-09,5.581689139396879e-07
650,13.00000000000002,772.9365324851717,1.2580226465618875e-09,2.1120508807501694e-09,-2.5473829284464125e-12,2.547060964556516e-12,-2.801484684052896e-12,2.5849601255266834e-12,-2.5522450282790425e-16,-3.78920458137926e-09,4.1934815581412874e-10,2.3335780545639065e-06,1.786436962537225e-06,1.3874073126196748e-06,1.0285732547347932e-06,3.915421494712634e-06,-2.7683285997841233e-09,1.2869340102776497e-09,-2.2323328087380878e-09,1.7585593145796276e-09,1.8171871221270226e-09,5.388216936149746e-09,5.581773442987721e-07
651,13.020000000000017,772.937180949009,1.2451384521653393e-09,2.090430765925427e-09,-2.5512743413196115e-12,2.5509525191377863e-12,-2.7141614756631535e-12,2.498517038248912e-12,-2.554549100117614e-16,-3.750406391169176e-09,4.1505339479291105e-10,2.3335780545639065e-06,1.786436962537225e-06,1.3874073126196748e-06,1.0285982863457806e-06,3.915463519529101e-06,-2.7683795863568244e-09,1.2869849904124866e-09,-2.232387965199778e-09,1.7586101493512652e-09,1.817187117020261e-09,5.31282082642427e-09,5.581856883142782e-07
652,13.040000000000026,772.9378230521836,1.232381141948159e-09,2.0690232830622794e-09,-2.552653333071629e-12,2.5523316611446388e-12,-2.6781920923424578e-12,2.4635460688914175e-12,-2.5568448778005255e-16,-3.711990126159743e-09,4.1080092452916285e-10,2.3335780545639065e-06,1.786436962537225e-06,1.3874073126196748e-06,1.0286230615417217e-06,3.915505114069591e-06,-2.7684306256336095e-09,1.2870360232542894e-09,-2.232441888735557e-09,1.7586597699823366e-09,1.8171871119088406e-09,5.2381968612509494e-09,5.581939468574714e-07
653,13.060000000000041,772.9384585492367,1.219755731922027e-09,2.0478369106010376e-09,-2.55349842547552e-12,2.5531769184309743e-12,-2.652061470654272e-12,2.438448633534808e-12,-2.5591343928566853e-16,-3.673970872094509e-09,4.0659241982904686e-10,2.3335780545639065e-06,1.786436962537225e-06,1.3874073126196748e-06,1.0286475829104605e-06,3.915546282671528e-06,-2.7684816871513623e-09,1.2870870783400853e-09,-2.232495191271248e-09,1.7587087899293609e-09,1.8171871067927616e-09,5.164337251268349e-09,5.58202120790915e-07
654,13.080000000000048,772.9390874401685,1.2072622346066305e-09,2.026871675654733e-09,-2.553809572429946e-12,2.5534882455430855e-12,-2.6357695162528767e-12,2.4232246385498543e-12,-2.561426847191226e-16,-3.6363486727798404e-09,4.024278848657549e-10,2.3335780545639065e-06,1.786436962537225e-06,1.3874073126196748e-06,1.0286718530901259e-06,3.91558702975739e-06,-2.7685327602315382e-09,1.287138144991725e-09,-2.2325480695810756e-09,1.7587574066620817e-09,1.8171871016722357e-09,5.091234055819581e-09,5.582102109939619e-07
655,13.099999999999998,772.9397100856822,1.1948933303724219e-09,2.0061153250977585e-09,-2.5536929581231445e-12,2.5533717934812827e-12,-2.618945447040708e-12,2.4074675643182793e-12,-2.5637103436907765e-16,-3.5991014810145177e-09,3.9830488096273285e-10,2.3335780545639065e-06,1.786436962537225e-06,1.3874073126196748e-06,1.0286958746457757e-06,3.915627359627397e-06,-2.7685838352569254e-09,1.2871892135921151e-09,-2.232600616730667e-09,1.7588057135841103e-09,1.817187096547051e-09,5.018879554281819e-09,5.582182183216201e-07
656,13.120000000000033,772.9403264497365,1.1826497634265556e-09,1.9855691110597277e-09,-2.5531379398857454e-12,2.5528169228884364e-12,-2.6024613869562756e-12,2.3920531052899463e-12,-2.565992312198966e-16,-3.5622315446575263e-09,3.942236560691398e-10,2.3335780545639065e-06,1.786436962537225e-06,1.3874073126196748e-06,1.0287196500767138e-06,3.915667276471759e-06,-2.7686349035657648e-09,1.2872402754792789e-09,-2.232652830798951e-09,1.7588537087908065e-09,1.8171870914174195e-09,4.947266224024973e-09,5.582261436069905e-07
657,13.140000000000027,772.940936436701,1.1705334893241762e-09,1.9652363145065524e-09,-2.5521163218392267e-12,2.5517954466162653e-12,-2.5892988443546713e-12,2.3799722447980935e-12,-2.5682658965842204e-16,-3.525744761247912e-09,3.90184861718554e-10,2.3335780545639065e-06,1.786436962537225e-06,1.3874073126196748e-06,1.0287431819092412e-06,3.915706784526015e-06,-2.7686859561083564e-09,1.287291321602974e-09,-2.232704748401257e-09,1.7589014290443073e-09,1.8171870862831293e-09,4.876386460965939e-09,5.582339876921684e-07
658,13.160000000000009,772.941540147057,1.1585424780244308e-09,1.945113536228577e-09,-2.5510679790443982e-12,2.5507472509277633e-12,-2.5768529881094956e-12,2.3686174416278835e-12,-2.5705552995595804e-16,-3.4896350222442184e-09,3.861878213213295e-10,2.3335780545639065e-06,1.786436962537225e-06,1.3874073126196748e-06,1.0287664726689148e-06,3.915745888024522e-06,-2.768736987951157e-09,1.2873423470299494e-09,-2.2327564099196683e-09,1.7589489149411716e-09,1.8171870811443922e-09,4.806232663131082e-09,5.582417514189988e-07
659,13.180000000000025,772.9421379318816,1.1466696074270835e-09,1.9251888361327886e-09,-2.551529921741395e-12,2.551209387600732e-12,-2.556499398231583e-12,2.34935480697532e-12,-2.572842397811534e-16,-3.453880882310911e-09,3.8223016116067525e-10,2.3335780545639065e-06,1.786436962537225e-06,1.3874073126196748e-06,1.0287895247897694e-06,3.915784591048246e-06,-2.7687880139303718e-09,1.2873933665963347e-09,-2.232807743443629e-09,1.7589960946636577e-09,1.8171870760009964e-09,4.736797504085476e-09,5.582494355988236e-07
660,13.199999999999994,772.942729561104,1.1349195630117712e-09,1.9054700782089716e-09,-2.5524949743231076e-12,2.5521746544677474e-12,-2.53376374393015e-12,2.327716214985132e-12,-2.5752736460815134e-16,-3.4184964587002102e-09,3.7831344285563585e-10,2.3335780545639065e-06,1.786436962537225e-06,1.3874073126196748e-06,1.0288123406814737e-06,3.915822897637389e-06,-2.7688390541791272e-09,1.2874444004367553e-09,-2.2328586460751534e-09,1.7590428653738772e-09,1.8171870708529419e-09,4.66807373067547e-09,5.582570410348637e-07
661,13.220000000000024,772.9433150347194,1.123292355764592e-09,1.8859572870493794e-09,-2.5539631732057273e-12,2.553643087433082e-12,-2.5099949198549627e-12,2.3050492624051062e-12,-2.5777471561425185e-16,-3.383481789407842e-09,3.7443767011180314e-10,2.3335780545639065e-06,1.786436962537225e-06,1.3874073126196748e-06,1.0288349228006615e-06,3.915860811911042e-06,-2.768890118760598e-09,1.2874954586141745e-09,-2.2329090836618727e-09,1.7590891930286512e-09,1.817187065700017e-09,4.600053948194288e-09,5.582645685459934e-07
662,13.24000000000003,772.9438946897573,1.1117811559339905e-09,1.866639027600631e-09,-2.555451608943029e-12,2.555131776176093e-12,-2.500972492702113e-12,2.2971015032716068e-12,-2.5802130680113354e-16,-3.348816302110568e-09,3.706005674194493e-10,2.3335780545639065e-06,1.786436962537225e-06,1.3874073126196748e-06,1.0288572735357785e-06,3.915898337874188e-06,-2.768941212908601e-09,1.2875465463628106e-09,-2.232959193336092e-09,1.759135214536308e-09,1.8171870605420098e-09,4.532730967279082e-09,5.582720189283688e-07
663,13.260000000000026,772.9444684925438,1.1003866548892584e-09,1.8475164485290946e-09,-2.557008535406774e-12,2.556688965476247e-12,-2.4919590705686885e-12,2.289160409570832e-12,-2.582671444270866e-16,-3.3145020913212586e-09,3.6680236440098134e-10,2.3335780545639065e-06,1.786436962537225e-06,1.3874073126196748e-06,1.0288793952138867e-06,3.91593547942895e-06,-2.7689923375099796e-09,1.2875976645702272e-09,-2.2330091226517973e-09,1.7591810771554365e-09,1.8171870553791323e-09,4.466097783344777e-09,5.58279392957687e-07
664,13.279999999999996,772.9450363537253,1.089110676941356e-09,1.828592614754759e-09,-2.558762001372486e-12,2.558442700128313e-12,-2.4832777115176226e-12,2.281551345552072e-12,-2.585122453474259e-16,-3.280544656599438e-09,3.6304366908277554e-10,2.3335780545639065e-06,1.786436962537225e-06,1.3874073126196748e-06,1.0289012901872051e-06,3.915972240519582e-06,-2.7690434952155233e-09,1.2876488158868832e-09,-2.233058875019567e-09,1.7592267842729876e-09,1.8171870502113842e-09,4.400147315865671e-09,5.582866914180218e-07
665,13.300000000000024,772.9455983661636,1.077951348467642e-09,1.809864387394954e-09,-2.5606453277915667e-12,2.5603262941373862e-12,-2.4760694730346803e-12,2.27541453753252e-12,-2.5875665792603044e-16,-3.2469383600887955e-09,3.593238569520151e-10,2.3335780545639065e-06,1.786436962537225e-06,1.3874073126196748e-06,1.0289229608074592e-06,3.916008625089604e-06,-2.76909468928885e-09,1.287700003576826e-09,-2.2331084684913677e-09,1.7592723539318186e-09,1.8171870450387658e-09,4.334872485698698e-09,5.582939150932821e-07
666,13.319999999999997,772.9461548543179,1.066902097789507e-09,1.7913207444152618e-09,-2.5624255127760383e-12,2.5621066906519947e-12,-2.4688697506450482e-12,2.269282477849149e-12,-2.590006007751092e-16,-3.2136634146572303e-09,3.556407375479778e-10,2.3335780545639065e-06,1.786436962537225e-06,1.3874073126196748e-06,1.0289444093419218e-06,3.916044636940922e-06,-2.769145919997199e-09,1.2877512279066738e-09,-2.233157917883499e-09,1.7593178009019724e-09,1.817187039861277e-09,4.270266467951325e-09,5.583010647392271e-07
667,13.34000000000005,772.9467056055522,1.0559672472724238e-09,1.7729689429654493e-09,-2.5642552564756064e-12,2.563936628414313e-12,-2.461644321591972e-12,2.2631228456812312e-12,-2.592475570220774e-16,-3.180732842480693e-09,3.5199575159434903e-10,2.3335780545639065e-06,1.786436962537225e-06,1.3874073126196748e-06,1.0289656380353726e-06,3.916080279837796e-06,-2.7691971868048213e-09,1.2878024883398646e-09,-2.2332072230242257e-09,1.759363124955208e-09,1.8171870346787058e-09,4.206322505379777e-09,5.583081411041186e-07
668,13.360000000000024,772.9472506198774,1.0451468063528832e-09,1.7548090036432067e-09,-2.566134563164858e-12,2.565816087893365e-12,-2.454722805927415e-12,2.257265039328648e-12,-2.5949694400256657e-16,-3.148146676501954e-09,3.4838890224467416e-10,2.3335780545639065e-06,1.786436962537225e-06,1.3874073126196748e-06,1.0289866491759088e-06,3.916115557617262e-06,-2.7692484907031695e-09,1.2878537858670276e-09,-2.233256386695415e-09,1.759408328834058e-09,1.8171870294912643e-09,4.14303371019003e-09,5.583151449506569e-07
669,13.380000000000038,772.9477902172008,1.0344343024886742e-09,1.7368301012288383e-09,-2.5671219740939577e-12,2.5668036535781277e-12,-2.4387238341168246e-12,2.242278025224436e-12,-2.597459053691229e-16,-3.115885413492287e-09,3.4481803365008755e-10,2.3335780545639065e-06,1.786436962537225e-06,1.3874073126196748e-06,1.0290074449869972e-06,3.916150474008311e-06,-2.7692998232685008e-09,1.2879051120644423e-09,-2.2333053211618184e-09,1.7594533242647034e-09,1.8171870242987406e-09,4.080393389290045e-09,5.583220770200159e-07
670,13.4,772.9483243655603,1.0238303916990013e-09,1.7190333353541678e-09,-2.567311499252939e-12,2.5669933331403168e-12,-2.4142727914963038e-12,2.2187956338380344e-12,-2.5999495997107543e-16,-3.0839510359347944e-09,3.4128336420035657e-10,2.3335780545639065e-06,1.786436962537225e-06,1.3874073126196748e-06,1.029028027633939e-06,3.916185032642677e-06,-2.769351167603355e-09,1.2879564500343095e-09,-2.2333538511280613e-09,1.7594979350012939e-09,1.8171870191013464e-09,4.018395024795891e-09,5.583289380339944e-07
671,13.420000000000014,772.9488529801381,1.013336800782796e-09,1.701421596584972e-09,-2.5669527018906215e-12,2.566634681221284e-12,-2.3853134063657877e-12,2.1907793045188688e-12,-2.602437316926088e-16,-3.052348753902624e-09,3.3778546890110075e-10,2.3335780545639065e-06,1.786436962537225e-06,1.3874073126196748e-06,1.029048399305864e-06,3.916219237191996e-06,-2.7694025102454135e-09,1.2880077863144532e-09,-2.233401846990056e-09,1.7595420307506774e-09,1.81718701389887e-09,3.957032026897475e-09,5.583357287223254e-07
672,13.440000000000044,772.9493761480264,1.0029517741725968e-09,1.6839919359942985e-09,-2.566349729106318e-12,2.56603184563467e-12,-2.3505320668866527e-12,2.1569256729262886e-12,-2.6049267321619467e-16,-3.02107328761609e-09,3.343237622193071e-10,2.3335780545639065e-06,1.786436962537225e-06,1.3874073126196748e-06,1.0290685621916136e-06,3.916253091327322e-06,-2.7694538432698366e-09,1.2880591129797219e-09,-2.233449205444723e-09,1.7595855078004519e-09,1.8171870086915232e-09,3.896297806482197e-09,5.583424498146366e-07
673,13.460000000000035,772.9498941735218,9.926691560579939e-10,1.6667340025325352e-09,-2.566565353214021e-12,2.5662476291916018e-12,-2.3003865487094646e-12,2.107728320972143e-12,-2.6074127904183164e-16,-2.990106112913496e-09,3.308961910159985e-10,2.3335780545639065e-06,1.786436962537225e-06,1.3874073126196748e-06,1.0290885184009158e-06,3.916286598586707e-06,-2.769505172420778e-09,1.2881104357744702e-09,-2.233495714630911e-09,1.7596281543403909e-09,1.8171870034790942e-09,3.8361860124769295e-09,5.58349102014169e-07
674,13.480000000000032,772.9504068572069,9.824929941728018e-10,1.6496546090843885e-09,-2.566903121386976e-12,2.5665855638079007e-12,-2.2394605362123097e-12,2.0477474674727083e-12,-2.6098946846579425e-16,-2.959459416964894e-09,3.275041053234962e-10,2.3335780545639065e-06,1.786436962537225e-06,1.3874073126196748e-06,1.0291082700224182e-06,3.916319762472823e-06,-2.7695565071053857e-09,1.2881617641064002e-09,-2.2335411131017365e-09,1.7596697090982753e-09,1.8171869982617948e-09,3.776690357178152e-09,5.583556860171324e-07
675,13.50000000000001,772.9509141990808,9.724232966731177e-10,1.6327537733192155e-09,-2.567363038878229e-12,2.5670456528993375e-12,-2.1677536376161567e-12,1.97698272031498e-12,-2.612372413636201e-16,-2.929133228312366e-09,3.2414750786055704e-10,2.3335780545639065e-06,1.786436962537225e-06,1.3874073126196748e-06,1.0291278191853266e-06,3.916352586556646e-06,-2.769607849766926e-09,1.2882131004185672e-09,-2.2335851852434805e-09,1.7597099564001531e-09,1.817186993039625e-09,3.7178044307254434e-09,5.583622025332642e-07
676,13.520000000000017,772.9514164919875,9.62454148989015e-10,1.6160215940169742e-09,-2.567973756620021e-12,2.5676565762811033e-12,-2.0923092864645363e-12,1.9024449242896757e-12,-2.614846914432618e-16,-2.8991097281753063e-09,3.2082442819653013e-10,2.3335780545639065e-06,1.786436962537225e-06,1.3874073126196748e-06,1.0291471679597833e-06,3.91638507431032e-06,-2.769659203134963e-09,1.2882644474408591e-09,-2.23362778587279e-09,1.7597487506765993e-09,1.8171869878123728e-09,3.6595220011605472e-09,5.583686522526248e-07
677,13.54000000000004,772.9519137066653,9.525861515739253e-10,1.5994590878397933e-09,-2.5687324178117963e-12,2.5684154793402085e-12,-2.0181753308444494e-12,1.829174088073504e-12,-2.6173335317485616e-16,-2.8693907262446446e-09,3.175350667455224e-10,2.3335780545639065e-06,1.786436962537225e-06,1.3874073126196748e-06,1.029166318362789e-06,3.916417229117139e-06,-2.769710570196558e-09,1.2883158081614154e-09,-2.2336688907189945e-09,1.759786066866723e-09,1.8171869825802503e-09,3.6018369966162824e-09,5.583750358475743e-07
678,13.560000000000029,772.9524057654736,9.428208805198868e-10,1.583068886560662e-09,-2.569631432947468e-12,2.5693147644089887e-12,-1.941792418003032e-12,1.7536367613152594e-12,-2.6198370681738726e-16,-2.8399809807742954e-09,3.142799480026752e-10,2.3335780545639065e-06,1.786436962537225e-06,1.3874073126196748e-06,1.02918527243311e-06,3.916449054396883e-06,-2.7697619538350115e-09,1.2883671854638528e-09,-2.2337084903965457e-09,1.759821894975217e-09,1.8171869773430456e-09,3.5447432795461248e-09,5.583813539977217e-07
679,13.580000000000032,772.9528927500342,9.331566933026527e-10,1.5668482306853133e-09,-2.570491458837767e-12,2.5701750598287154e-12,-1.869953493400642e-12,1.68263555369794e-12,-2.6223442114711683e-16,-2.8108755515512117e-09,3.110585241363825e-10,2.3335780545639065e-06,1.786436962537225e-06,1.3874073126196748e-06,1.029204032208848e-06,3.916480553568056e-06,-2.769813355063798e-09,1.2884185803620953e-09,-2.2337466078555893e-09,1.759856257698367e-09,1.8171869721007587e-09,3.488234714222861e-09,5.583876073824432e-07
680,13.600000000000012,772.9533749455086,9.235878295157889e-10,1.5507874167337463e-09,-2.5706858645251674e-12,2.570369698128862e-12,-1.831509757750104e-12,1.6450802063390588e-12,-2.6248484690812377e-16,-2.7820571110948674e-09,3.0786887304798703e-10,2.3335780545639065e-06,1.786436962537225e-06,1.3874073126196748e-06,1.0292225996540763e-06,3.91651172992453e-06,-2.7698647668368743e-09,1.2884699858096748e-09,-2.233783622488112e-09,1.7598895348559675e-09,1.8171869668536014e-09,3.432305387596456e-09,5.58393796656415e-07
681,13.62000000000002,772.9538521650171,9.141180761405485e-10,1.5348928307991825e-09,-2.5706252743812738e-12,2.5703093358506412e-12,-1.808062747596132e-12,1.6225320740470642e-12,-2.6273519796971685e-16,-2.7535370560043505e-09,3.0471225841190237e-10,2.3335780545639065e-06,1.786436962537225e-06,1.3874073126196748e-06,1.0292409767131327e-06,3.916542586727006e-06,-2.7699161799482626e-09,1.2885213926000146e-09,-2.2338200182131415e-09,1.7599222109787714e-09,1.8171869616013618e-09,3.3769494459254405e-09,5.583999224677296e-07
682,13.63999999999999,772.9543244085623,9.047474379471565e-10,1.5191644691890752e-09,-2.570309674237829e-12,2.5699939559836928e-12,-1.7990192585436684e-12,1.6144207932261812e-12,-2.6298802397246156e-16,-2.7253154110165817e-09,3.015886810519436e-10,2.3335780545639065e-06,1.786436962537225e-06,1.3874073126196748e-06,1.0292591653682737e-06,3.916573127300006e-06,-2.769967589297554e-09,1.288572795632933e-09,-2.2338560890332733e-09,1.7599545805074441e-09,1.81718695634404e-09,3.3221609212553152e-09,5.584059854771243e-07
683,13.660000000000046,772.9547919497933,8.954704009220698e-10,1.5035931151256743e-09,-2.5694708708420693e-12,2.5691554293923918e-12,-1.7896113575921994e-12,1.6059259944309776e-12,-2.632406640829251e-16,-2.6973755567237106e-09,2.9849630472124017e-10,2.3335780545639065e-06,1.786436962537225e-06,1.3874073126196748e-06,1.0292771675466625e-06,3.916603354875849e-06,-2.770018987103057e-09,1.2886241871267868e-09,-2.2338919753393478e-09,1.7599867839753208e-09,1.8171869510818479e-09,3.2679340115777595e-09,5.58411986326982e-07
684,13.680000000000001,772.9552547613669,8.862875217267926e-10,1.4881796925329439e-09,-2.5681356322346847e-12,2.567820518865102e-12,-1.7809595492989966e-12,1.5981886845576745e-12,-2.63495411143439e-16,-2.6697191790720967e-09,2.954353142858858e-10,2.3335780545639065e-06,1.786436962537225e-06,1.3874073126196748e-06,1.029294985125889e-06,3.9166332726039255e-06,-2.7700703631681887e-09,1.2886755568862693e-09,-2.2339276810484688e-09,1.7600188251221106e-09,1.8171869458145735e-09,3.214263064219922e-09,5.584179256431721e-07
685,13.700000000000028,772.9557127707288,8.772002740083108e-10,1.4729266906662112e-09,-2.5663750357318576e-12,2.5660602846940994e-12,-1.7770093435874204e-12,1.5951353654973772e-12,-2.637498560144279e-16,-2.6423507137952702e-09,2.9240620159972983e-10,2.3335780545639065e-06,1.786436962537225e-06,1.3874073126196748e-06,1.0293126200038462e-06,3.916662883667758e-06,-2.7701217082746897e-09,1.2887268956943049e-09,-2.2339632607372984e-09,1.7600507583626113e-09,1.817186940542217e-09,3.1611423652911785e-09,5.584238040583309e-07
686,13.720000000000057,772.9561660540016,8.682071270312165e-10,1.4578315370482887e-09,-2.5644621847907805e-12,2.5641478028063153e-12,-1.7766297467391027e-12,1.595644702543038e-12,-2.6400401112885494e-16,-2.6152655567435825e-09,2.8940845609426723e-10,2.3335780545639065e-06,1.786436962537225e-06,1.3874073126196748e-06,1.0293300740778566e-06,3.916692191250035e-06,-2.770173016647066e-09,1.2887781977751799e-09,-2.233998797128133e-09,1.7600826661632918e-09,1.8171869352647781e-09,3.1085662025857118e-09,5.584296222049079e-07
687,13.740000000000013,772.9566148771278,8.593027204172821e-10,1.4428852442166171e-09,-2.5633513481624097e-12,2.5630372629071724e-12,-1.775642674124562e-12,1.595528610793882e-12,-2.6428118730705114e-16,-2.5884475635184297e-09,2.8644029131430246e-10,2.3335780545639065e-06,1.786436962537225e-06,1.3874073126196748e-06,1.029347349176331e-06,3.9167211984178474e-06,-2.7702242947824835e-09,1.288829469625837e-09,-2.234034319852303e-09,1.760114577896425e-09,1.8171869299818336e-09,3.0565290713832083e-09,5.584353806923819e-07
688,13.760000000000037,772.9570590658224,8.504905756450994e-10,1.4280937109395744e-09,-2.5624171833596576e-12,2.5621033775231235e-12,-1.7763847540341268e-12,1.597146107253582e-12,-2.6456581575150005e-16,-2.5619073498996906e-09,2.8350288033344655e-10,2.3335780545639065e-06,1.786436962537225e-06,1.3874073126196748e-06,1.0293644471092917e-06,3.916749908207399e-06,-2.7702755524679847e-09,1.2888807210322413e-09,-2.234069840126642e-09,1.7601465046436055e-09,1.8171869246933834e-09,3.005025522248964e-09,5.584410801240984e-07
689,13.780000000000044,772.9574986200859,8.417706988407096e-10,1.4134569504889728e-09,-2.5616596996495966e-12,2.561346155713994e-12,-1.778691967726573e-12,1.6003331730611792e-12,-2.648502692953928e-16,-2.5356449373345435e-09,2.80596225193725e-10,2.3335780545639065e-06,1.786436962537225e-06,1.3874073126196748e-06,1.0293813697220366e-06,3.916778323714013e-06,-2.7703267932369673e-09,1.2889319555275737e-09,-2.234105390893955e-09,1.7601784794364086e-09,1.8171869193992158e-09,2.9540499993766046e-09,5.584467211151537e-07
690,13.799999999999999,772.9579337951197,8.331379501573108e-10,1.398966341313327e-09,-2.5621424210335575e-12,2.5618291228285565e-12,-1.7830145505857068e-12,1.6055358598969673e-12,-2.6513542290997943e-16,-2.5096448470995035e-09,2.777186127531881e-10,2.3335780545639065e-06,1.786436962537225e-06,1.3874073126196748e-06,1.0293981188085266e-06,3.916806447946931e-06,-2.770378031258175e-09,1.288983187280359e-09,-2.234141007959172e-09,1.760210538126738e-09,1.8171869140993306e-09,2.9035971015323774e-09,5.584523042635331e-07
691,13.820000000000038,772.9583645654262,8.245928494389176e-10,1.3846227584720589e-09,-2.5637591523010653e-12,2.5634460819006275e-12,-1.790429915417695e-12,1.6138319983837446e-12,-2.654209321127034e-16,-2.4839086477818146e-09,2.748702162792057e-10,2.3335780545639065e-06,1.786436962537225e-06,1.3874073126196748e-06,1.0294146961165225e-06,3.9168342838379285e-06,-2.7704292902739414e-09,1.2890344400324064e-09,-2.234176742403886e-09,1.760242731805321e-09,1.817186908793728e-09,2.853661566583468e-09,5.584578301518235e-07
692,13.84,772.9587908633467,8.161367666936961e-10,1.3704285035948764e-09,-2.566227981657817e-12,2.5659151097658773e-12,-1.7983517892906083e-12,1.6226364245816651e-12,-2.6570628435745712e-16,-2.4584404687499385e-09,2.720514924042511e-10,2.3335780545639065e-06,1.786436962537225e-06,1.3874073126196748e-06,1.0294311034126839e-06,3.916861834350549e-06,-2.7704805901450714e-09,1.289085733644323e-09,-2.2342126302208554e-09,1.7602750964895505e-09,1.8171869034824079e-09,2.8042380754182436e-09,5.584632993689104e-07
693,13.859999999999998,772.9592127591284,8.077682931438027e-10,1.356381226004213e-09,-2.5691303054653998e-12,2.5688176221167705e-12,-1.8074132145557806e-12,1.6325652007788009e-12,-2.6599412224832444e-16,-2.43323606456167e-09,2.692619721049021e-10,2.3335780545639065e-06,1.786436962537225e-06,1.3874073126196748e-06,1.0294473424632822e-06,3.916889102447845e-06,-2.770531943727831e-09,1.2891370809716419e-09,-2.2342486878708954e-09,1.760307648505804e-09,1.8171868981653703e-09,2.755321310085133e-09,5.584687125035554e-07
694,13.88000000000002,772.9596304982091,7.994824890960883e-10,1.3424726548216826e-09,-2.571003422198282e-12,2.5706910252695034e-12,-1.8141005585983955e-12,1.6400774829573298e-12,-2.662955504347907e-16,-2.4082805518765995e-09,2.6650000972694815e-10,2.3335780545639065e-06,1.786436962537225e-06,1.3874073126196748e-06,1.0294634149711045e-06,3.916916090986653e-06,-2.770583345065038e-09,1.2891884760581159e-09,-2.2342849030087125e-09,1.7603403749326415e-09,1.8171868928424035e-09,2.7069061439206954e-09,5.584740701233737e-07
695,13.900000000000041,772.9600439197449,7.91282598804421e-10,1.3287082148195438e-09,-2.5728058731245488e-12,2.5724938004650373e-12,-1.819692557322169e-12,1.6464874051183124e-12,-2.6659695187225707e-16,-2.3835837153044044e-09,2.637666855022551e-10,2.3335780545639065e-06,1.786436962537225e-06,1.3874073126196748e-06,1.0294793226219835e-06,3.916942802795349e-06,-2.770634783157969e-09,1.2892399079063732e-09,-2.234321240939837e-09,1.7603732405815224e-09,1.8171868875135075e-09,2.6589875012488353e-09,5.584793727903261e-07
696,13.920000000000009,772.9604530237389,7.831686268250969e-10,1.315087911284972e-09,-2.5745376544128966e-12,2.574225925186638e-12,-1.824578117626915e-12,1.6521913658585989e-12,-2.668982578890919e-16,-2.359145573429529e-09,2.6106200069871666e-10,2.3335780545639065e-06,1.786436962537225e-06,1.3874073126196748e-06,1.0294950671342397e-06,3.916969240756611e-06,-2.7706862565933497e-09,1.2892913751036296e-09,-2.234357683646608e-09,1.7604062273692322e-09,1.8171868821784705e-09,2.6115602083615727e-09,5.58484621077188e-07
697,13.940000000000033,772.9608580522753,7.751357030318795e-10,1.3016035742686313e-09,-2.5756703214795095e-12,2.575358904112423e-12,-1.8122614976295167e-12,1.6406901038010787e-12,-2.672086735557286e-16,-2.334951459340953e-09,2.5838433206030564e-10,2.3335780545639065e-06,1.786436962537225e-06,1.3874073126196748e-06,1.0295106501775383e-06,3.916995407671467e-06,-2.770737758673267e-09,1.2893428709519227e-09,-2.234394052042755e-09,1.7604391561839288e-09,1.8171868768375042e-09,2.5646192380338104e-09,5.584898155405156e-07
698,13.960000000000067,772.9612589811645,7.671843194777673e-10,1.2882560318879146e-09,-2.57625850155298e-12,2.57594737187921e-12,-1.78515509382822e-12,1.6143963563178397e-12,-2.67524473503582e-16,-2.311002857567077e-09,2.5573384359305684e-10,2.3335780545639065e-06,1.786436962537225e-06,1.3874073126196748e-06,1.0295260733777634e-06,3.9170213062675285e-06,-2.770789277961506e-09,1.2893943840146827e-09,-2.2344300262085925e-09,1.76047170704853e-09,1.8171868714901852e-09,2.518159694864653e-09,5.584949567222721e-07
699,13.980000000000045,772.961655746226,7.593157736796618e-10,1.275047463877078e-09,-2.576427379210851e-12,2.576116530516635e-12,-1.748060421152441e-12,1.5781126115310047e-12,-2.678382834195229e-16,-2.287303678829644e-09,2.531109677695049e-10,2.3335780545639065e-06,1.786436962537225e-06,1.3874073126196748e-06,1.029541338378695e-06,3.9170469393024865e-06,-2.770840804820525e-09,1.2894459046537066e-09,-2.23446535836369e-09,1.7605036321382084e-09,1.8171868661365135e-09,2.472176629500736e-09,5.585000451703857e-07
700,14.000000000000062,772.962048413221,7.515287479051122e-10,1.2619756769871282e-09,-2.5762682741691957e-12,2.5759576948429834e-12,-1.7232944492030369e-12,1.5541312567353376e-12,-2.6814886010202204e-16,-2.2638499491419417e-09,2.505152661703575e-10,2.3335780545639065e-06,1.786436962537225e-06,1.3874073126196748e-06,1.029556446823911e-06,3.9170723095338954e-06,-2.770892331776953e-09,1.2894974253959603e-09,-2.234500071912415e-09,1.760534954576891e-09,1.8171868607767008e-09,2.4266650932209806e-09,5.585050814327251e-07
701,14.020000000000014,772.9624372119345,7.438186259482306e-10,1.2490329832012736e-09,-2.576100300891871e-12,2.5757899704462595e-12,-1.6581878448341139e-12,1.4896947859167616e-12,-2.6845186033936137e-16,-2.2406277403270182e-09,2.4794520301874025e-10,2.3335780545639065e-06,1.786436962537225e-06,1.3874073126196748e-06,1.0295714002976494e-06,3.917097419620498e-06,-2.7709438554625634e-09,1.2895489428726132e-09,-2.234533886735254e-09,1.7605653928373176e-09,1.817186855410747e-09,2.3816203163264e-09,5.585100660374171e-07
702,14.040000000000045,772.9628219917813,7.361884417558092e-10,1.2362244465113967e-09,-2.575714312518276e-12,2.5754042184462328e-12,-1.580588359077708e-12,1.412697759057393e-12,-2.6875012994343173e-16,-2.217646206882572e-09,2.4540178805958443e-10,2.3335780545639065e-06,1.786436962537225e-06,1.3874073126196748e-06,1.0295862003683263e-06,3.917122272194794e-06,-2.7709953736085782e-09,1.289600454814502e-09,-2.2345662744973125e-09,1.7605944167627673e-09,1.8171868500386523e-09,2.3370375768542338e-09,5.585149995073279e-07
703,14.060000000000022,772.9632027527584,7.286381987427716e-10,1.2235500670930306e-09,-2.575110296608871e-12,2.5748004261992004e-12,-1.4924824803968627e-12,1.3251384259629162e-12,-2.690436686585025e-16,-2.194905364903897e-09,2.428850220366068e-10,2.3335780545639065e-06,1.786436962537225e-06,1.3874073126196748e-06,1.0296008486347313e-06,3.91714686993993e-06,-2.771046881854472e-09,1.2896519568609485e-09,-2.23459700520564e-09,1.7606217951246176e-09,1.8171868446606284e-09,2.292912061136421e-09,5.585198823754288e-07
704,14.080000000000021,772.963579716523,7.211634333956358e-10,1.2110022542327065e-09,-2.5753134036836386e-12,2.575003773619436e-12,-1.4589610930702788e-12,1.292258819128182e-12,-2.693339717351773e-16,-2.172391818430567e-09,2.4039341204020166e-10,2.3335780545639065e-06,1.786436962537225e-06,1.3874073126196748e-06,1.0296153466510526e-06,3.917171215463144e-06,-2.7710983860913588e-09,1.2897034549029467e-09,-2.234626519641359e-09,1.7606479690970684e-09,1.817186839276887e-09,2.2492390893030774e-09,5.585247151597696e-07
705,14.100000000000001,772.9639528609293,7.137645964152346e-10,1.1985817766088327e-09,-2.5762212394126557e-12,2.575911860732693e-12,-1.4452595308333108e-12,1.2792791567350743e-12,-2.696220749545592e-16,-2.150106922460485e-09,2.3792710881126445e-10,2.3335780545639065e-06,1.786436962537225e-06,1.3874073126196748e-06,1.0296296959313507e-06,3.917195311303452e-06,-2.7711499014379297e-09,1.2897549640592902e-09,-2.2346555618475276e-09,1.7606736844768271e-09,1.817186833887428e-09,2.20601410189421e-09,5.585294983649781e-07
706,14.120000000000008,772.9643221272078,7.06442876670186e-10,1.1862906585577127e-09,-2.577562032172893e-12,2.577252907522543e-12,-1.4371950819515887e-12,1.2719766966291981e-12,-2.699065800619884e-16,-2.128054247793921e-09,2.354865099825727e-10,2.3335780545639065e-06,1.786436962537225e-06,1.3874073126196748e-06,1.0296438980060815e-06,3.9172191600278034e-06,-2.7712014392706843e-09,1.2898064957069728e-09,-2.2346843863937575e-09,1.7606991970353608e-09,1.81718682849204e-09,2.163232490191652e-09,5.585342325011661e-07
707,14.140000000000034,772.964687577035,6.991970405228298e-10,1.174126838696819e-09,-2.579087559506018e-12,2.5787786983817634e-12,-1.4287123273045236e-12,1.2642848370445275e-12,-2.7018794688776218e-16,-2.1062300773968874e-09,2.330712047165747e-10,2.3335780545639065e-06,1.786436962537225e-06,1.3874073126196748e-06,1.0296579544052534e-06,3.917242764202776e-06,-2.7712530057666103e-09,1.2898580560230318e-09,-2.234713045467866e-09,1.7607245596506975e-09,1.8171868230911461e-09,2.120889646939688e-09,5.585389180783131e-07
708,14.160000000000029,772.9650494258983,6.92022767015335e-10,1.1620830914254668e-09,-2.579930497760017e-12,2.5796219497410107e-12,-1.4050126657883747e-12,1.2413659045649501e-12,-2.7046842240704317e-16,-2.0846213866669568e-09,2.306797540038194e-10,2.3335780545639065e-06,1.786436962537225e-06,1.3874073126196748e-06,1.0296718666033287e-06,3.917266126302077e-06,-2.7713045959472716e-09,1.289909640029513e-09,-2.2347413827177354e-09,1.7607496161581136e-09,1.8171868176845348e-09,2.0789811322990617e-09,5.585435555879003e-07
709,14.180000000000026,772.9654075325768,6.84922894478271e-10,1.1501641663505613e-09,-2.580659221234047e-12,2.580351005082754e-12,-1.38794926617663e-12,1.2250986735855786e-12,-2.707465338415223e-16,-2.06323673436979e-09,2.283131030962355e-10,2.3335780545639065e-06,1.786436962537225e-06,1.3874073126196748e-06,1.0296856360599437e-06,3.917289248774655e-06,-2.771356201844629e-09,1.2899612397590612e-09,-2.2347693123370224e-09,1.7607742808038952e-09,1.8171868122724178e-09,2.0375025510886988e-09,5.585481455164713e-07
710,14.200000000000037,772.9657618970781,6.77897426895976e-10,1.138370072109549e-09,-2.581273725185754e-12,2.5809658546480713e-12,-1.3701155257891243e-12,1.2080765415286263e-12,-2.710222810328379e-16,-2.0420761344505063e-09,2.2597125332206098e-10,2.3335780545639065e-06,1.786436962537225e-06,1.3874073126196748e-06,1.0296992642631574e-06,3.91731213411704e-06,-2.7714078211742353e-09,1.2900128529276586e-09,-2.234796892984876e-09,1.7607986125560464e-09,1.817186806854795e-09,1.996449422400475e-09,5.585526883600355e-07
711,14.22,772.9661127260513,6.709422188443748e-10,1.1266938661111092e-09,-2.5812877060248375e-12,2.5809801941155465e-12,-1.3656656081131317e-12,1.2044319183578762e-12,-2.7129724125379077e-16,-2.0211270960596812e-09,2.2365282360310597e-10,2.3335780545639065e-06,1.786436962537225e-06,1.3874073126196748e-06,1.0297127526596148e-06,3.917334784756422e-06,-2.7714594467884023e-09,1.2900644723881462e-09,-2.234824250796149e-09,1.7608227376406453e-09,1.8171868014316666e-09,1.955817390095446e-09,5.585571846008048e-07
712,14.240000000000025,772.9664599988504,6.640576886094111e-10,1.115136250891227e-09,-2.5807497277088207e-12,2.5804425918390956e-12,-1.3608882191093555e-12,1.200455683343723e-12,-2.7157125678729505e-16,-2.0003908815527352e-09,2.2135795329498977e-10,2.3335780545639065e-06,1.786436962537225e-06,1.3874073126196748e-06,1.0297261026586893e-06,3.917357203057592e-06,-2.7715110671628235e-09,1.2901160866160058e-09,-2.2348515163344055e-09,1.7608467865166624e-09,1.8171867960030325e-09,1.9156022103192727e-09,5.585616347085738e-07
713,14.259999999999994,772.966803660682,6.572449399972167e-10,1.1036990773977598e-09,-2.5797887000959052e-12,2.5794819597428234e-12,-1.3565963880930512e-12,1.1969666330537374e-12,-2.7184778728530822e-16,-1.9798708191913466e-09,2.1908701013954993e-10,2.3335780545639065e-06,1.786436962537225e-06,1.3874073126196748e-06,1.0297393156849753e-06,3.917379391410875e-06,-2.7715626725473027e-09,1.2901676858615215e-09,-2.234878691180421e-09,1.7608707607398262e-09,1.8171867905688926e-09,1.8757995933118927e-09,5.585660391582081e-07
714,14.280000000000015,772.9671437689523,6.505028249506866e-10,1.0923804350683235e-09,-2.5788035050954357e-12,2.5784971602148594e-12,-1.3472600012130009e-12,1.188412193595726e-12,-2.7213688547476695e-16,-1.959563445934741e-09,2.168396122051087e-10,2.3335780545639065e-06,1.786436962537225e-06,1.3874073126196748e-06,1.0297523931626247e-06,3.917401352205999e-06,-2.771614258469506e-09,1.290219265652721e-09,-2.2349057297443407e-09,1.7608946145280927e-09,1.8171867851290353e-09,1.8364052506605908e-09,5.585703984244315e-07
715,14.300000000000033,772.9674805242103,6.438273229629365e-10,1.0811736283897798e-09,-2.579202017767013e-12,2.578896000008578e-12,-1.31230843802833e-12,1.1541432719519701e-12,-2.724259313661683e-16,-1.9394566297001254e-09,2.1461442195717609e-10,2.3335780545639065e-06,1.786436962537225e-06,1.3874073126196748e-06,1.0297653364641039e-06,3.917423087746634e-06,-2.7716658385247352e-09,1.2902708395843233e-09,-2.2349323254288255e-09,1.7609180400827482e-09,1.8171867796834605e-09,1.7974150499042084e-09,5.585747129647732e-07
716,14.32000000000003,772.9678137950253,6.372210745796001e-10,1.070083057656183e-09,-2.5800531446124126e-12,2.5797474303865665e-12,-1.2671901734351626e-12,1.1096597672843644e-12,-2.7271428365827793e-16,-1.9195583412523287e-09,2.1241231785120786e-10,2.3335780545639065e-06,1.786436962537225e-06,1.3874073126196748e-06,1.0297781469480793e-06,3.9174446003134945e-06,-2.7717174310762417e-09,1.2903224260186273e-09,-2.234958120414971e-09,1.7609406781131405e-09,1.8171867742319564e-09,1.7588249001946882e-09,5.585789832321712e-07
717,14.340000000000005,772.9681435813987,6.306840832522751e-10,1.0591087303473243e-09,-2.581356903731663e-12,2.5810514692274808e-12,-1.2095525940677968e-12,1.0526090653195111e-12,-2.7300466454601493e-16,-1.8998685926694443e-09,2.1023330103776304e-10,2.3335780545639065e-06,1.786436962537225e-06,1.3874073126196748e-06,1.0297908259996576e-06,3.917465892231374e-06,-2.77176904517669e-09,1.2903740340076234e-09,-2.2349828878425785e-09,1.7609623008014665e-09,1.8171867687747349e-09,1.7206306308555188e-09,5.585832096883601e-07
718,14.360000000000017,772.9684700742051,6.242125129028729e-10,1.048244123321326e-09,-2.5832977455099982e-12,2.582992523404113e-12,-1.1748836992845434e-12,1.0186072981006627e-12,-2.7329605699617874e-16,-1.8803758698313384e-09,2.080760885264868e-10,2.3335780545639065e-06,1.786436962537225e-06,1.3874073126196748e-06,1.0298033749656193e-06,3.917486965759911e-06,-2.7718206917231587e-09,1.2904256744475498e-09,-2.2350067322054437e-09,1.7609830129651007e-09,1.8171867633117959e-09,1.6828281862304882e-09,5.585873927822557e-07
719,14.379999999999999,772.9687932543748,6.178067503633158e-10,1.0374898960227058e-09,-2.5858572689345743e-12,2.5855522002099432e-12,-1.164640410351131e-12,1.0090985852855408e-12,-2.7358950196548675e-16,-1.8610813355933635e-09,2.0594080969063262e-10,2.3335780545639065e-06,1.786436962537225e-06,1.3874073126196748e-06,1.0298157951582519e-06,3.917507823100104e-06,-2.771872383273335e-09,1.2904773598947858e-09,-2.2350301274464528e-09,1.7610032900239345e-09,1.8171867578429277e-09,1.6454136141762752e-09,5.585915329512379e-07
720,14.400000000000043,772.969113071302,6.114678168162734e-10,1.0268477870401152e-09,-2.588986600401579e-12,2.5886816330727084e-12,-1.160619440559639e-12,1.0058454100560355e-12,-2.7388584159550654e-16,-1.8419880570453595e-09,2.0382780607264824e-10,2.3335780545639065e-06,1.786436962537225e-06,1.3874073126196748e-06,1.0298280879039237e-06,3.917528466476935e-06,-2.771924131711938e-09,1.2905291022331188e-09,-2.235053380044996e-09,1.761023439463888e-09,1.8171867523681302e-09,1.6083829202498066e-09,5.585956306373955e-07
721,14.420000000000021,772.9694295794989,6.051946248027423e-10,1.0163159888915498e-09,-2.59205725956035e-12,2.5917523748714997e-12,-1.161894824710612e-12,1.007896783451523e-12,-2.7419626873939976e-16,-1.823092752596942e-09,2.0173671602486392e-10,2.3335780545639065e-06,1.786436962537225e-06,1.3874073126196748e-06,1.02984025452834e-06,3.9175488981146945e-06,-2.7719759421503882e-09,1.2905809065731982e-09,-2.2350766051876014e-09,1.761043576885823e-09,1.8171867468874035e-09,1.5717321121534235e-09,5.585996862826165e-07
722,14.440000000000001,772.9697429694284,5.989833602563316e-10,1.005888114906776e-09,-2.5928733157622343e-12,2.5925686439724356e-12,-1.1621915429828096e-12,1.008955110839919e-12,-2.7450676577758383e-16,-1.804383928497751e-09,1.996662689453422e-10,2.3335780545639065e-06,1.786436962537225e-06,1.3874073126196748e-06,1.0298522963081904e-06,3.917569120155732e-06,-2.7720277914562158e-09,1.2906327497833866e-09,-2.23509984605135e-09,1.7610637454047659e-09,1.817186741400324e-09,1.5354573453425128e-09,5.586037003124662e-07
723,14.460000000000031,772.9700531162763,5.92836526696786e-10,9.955683533207707e-10,-2.5928737713125417e-12,2.592569351378655e-12,-1.1657856829055864e-12,1.013320865543158e-12,-2.7481752853536263e-16,-1.7858691344876316e-09,1.9761729852489668e-10,2.3335780545639065e-06,1.786436962537225e-06,1.3874073126196748e-06,1.02986421450706e-06,3.917589134720414e-06,-2.7720796489270174e-09,1.2906846011633401e-09,-2.2351231258235573e-09,1.7610839681645298e-09,1.8171867359071037e-09,1.4995548147126055e-09,5.586076731481409e-07
724,14.48000000000001,772.9703600200407,5.867541271129694e-10,9.853567106101227e-10,-2.592058593427027e-12,2.5917544642526167e-12,-1.1731748515645983e-12,1.021491654659782e-12,-2.7513441829463126e-16,-1.7675483810224101e-09,1.9558980575981642e-10,2.3335780545639065e-06,1.786436962537225e-06,1.3874073126196748e-06,1.0298760104135982e-06,3.917608943971053e-06,-2.7721314982506326e-09,1.2907364444014964e-09,-2.2351465154288327e-09,1.7611043162897319e-09,1.8171867304075305e-09,1.4640206395575438e-09,5.586116052191837e-07
725,14.50000000000003,772.970663859226,5.807325883086262e-10,9.752472148519976e-10,-2.5897327774314373e-12,2.589429032828364e-12,-1.173484290045496e-12,1.0225543980155818e-12,-2.7546221084755012e-16,-1.7494108949306856e-09,1.935826008689055e-10,2.3335780545639065e-06,1.786436962537225e-06,1.3874073126196748e-06,1.0298876852807524e-06,3.9176285500103075e-06,-2.7721833161641486e-09,1.2907882562364673e-09,-2.2351699820202974e-09,1.7611247567502588e-09,1.8171867249016046e-09,1.4288510467979762e-09,5.5861549694325e-07
726,14.520000000000035,772.9709646159952,5.747722703737641e-10,9.652404693892933e-10,-2.5859657041390636e-12,2.5856624324524202e-12,-1.1675785961127077e-12,1.0173775217795846e-12,-2.7578550393222565e-16,-1.7314577633854014e-09,1.9159580375386442e-10,2.3335780545639065e-06,1.786436962537225e-06,1.3874073126196748e-06,1.0298992403293392e-06,3.91764795488715e-06,-2.7722350731488906e-09,1.2908400071511202e-09,-2.2351933926491423e-09,1.7611451560694567e-09,1.8171867193891142e-09,1.3940423602148069e-09,5.586193487272962e-07
727,14.54000000000003,772.9712622430305,5.688741242157984e-10,9.553380652520838e-10,-2.580941576943094e-12,2.5806388519764272e-12,-1.157922406663617e-12,1.0084358223515958e-12,-2.761047623429945e-16,-1.7136918550972067e-09,1.8962973104336166e-10,2.3335780545639065e-06,1.786436962537225e-06,1.3874073126196748e-06,1.0299106767932852e-06,3.917667160672496e-06,-2.772286742221777e-09,1.2908916701639644e-09,-2.2352166476591883e-09,1.7611654142028981e-09,1.817186713870271e-09,1.3595908640299906e-09,5.586231609826442e-07
728,14.559999999999986,772.9715567901585,5.630371531034847e-10,9.455383218679996e-10,-2.5756401173477192e-12,2.57533796748631e-12,-1.1478154346149253e-12,9.990420043858963e-13,-2.7641969514599244e-16,-1.6961101730306545e-09,1.8768405005895897e-10,2.3335780545639065e-06,1.786436962537225e-06,1.3874073126196748e-06,1.0299219959060584e-06,3.917686169436367e-06,-2.772338308038806e-09,1.290943229932159e-09,-2.2352397050376012e-09,1.7611854889811655e-09,1.817186708345075e-09,1.3254928437487854e-09,5.586269341204552e-07
729,14.580000000000016,772.971848431514,5.572578675788046e-10,9.358353523402132e-10,-2.5735013628193203e-12,2.57319965712781e-12,-1.1480387621288632e-12,1.0000225425439877e-12,-2.767292863145856e-16,-1.6787022213936754e-09,1.8575759612921716e-10,2.3335780545639065e-06,1.786436962537225e-06,1.3874073126196748e-06,1.0299331988562652e-06,3.917704983173109e-06,-2.7723897994537317e-09,1.2909947153084053e-09,-2.235262663579551e-09,1.761205479626635e-09,1.8171867028135264e-09,1.2917447198044918e-09,5.58630668536917e-07
730,14.600000000000048,772.9721370529783,5.515385587336584e-10,9.262330239378556e-10,-2.5722781322581695e-12,2.5719768366229263e-12,-1.1522259802971551e-12,1.004981280767404e-12,-2.770342013609681e-16,-1.6614748935890748e-09,1.8385113394692965e-10,2.3335780545639065e-06,1.786436962537225e-06,1.3874073126196748e-06,1.0299442868205284e-06,3.917723603856871e-06,-2.772441257248649e-09,1.2910461670733429e-09,-2.23528566622693e-09,1.761225529664868e-09,1.8171866972758368e-09,1.2583429486546115e-09,5.586343646242178e-07
731,14.620000000000013,772.9724226545577,5.458792291574179e-10,9.167313422713207e-10,-2.5719576143015534e-12,2.5716566953088637e-12,-1.1591508300006134e-12,1.0126919600196399e-12,-2.773344523634569e-16,-1.6444281986805124e-09,1.8196466437520087e-10,2.3335780545639065e-06,1.786436962537225e-06,1.3874073126196748e-06,1.0299552609984073e-06,3.917742033500533e-06,-2.7724926996059674e-09,1.291097603408662e-09,-2.2353087799950793e-09,1.7612457063972759e-09,1.8171866917322179e-09,1.2252839177319721e-09,5.58638022782201e-07
732,14.640000000000033,772.9727054032692,5.402765393171365e-10,9.073247333347183e-10,-2.572897299975662e-12,2.5725966982390903e-12,-1.143053159610137e-12,9.973471794581214e-13,-2.776314985260465e-16,-1.6275520642606722e-09,1.8009707582220525e-10,2.3335780545639065e-06,1.786436962537225e-06,1.3874073126196748e-06,1.029966122556092e-06,3.917760274061289e-06,-2.7725441481550966e-09,1.2911490459425976e-09,-2.235331802035066e-09,1.7612658067886706e-09,1.817186686182458e-09,1.192564115102529e-09,5.58641643399603e-07
733,14.660000000000037,772.9729852824257,5.347308255452627e-10,8.980137598201577e-10,-2.5750615208136965e-12,2.5747611823425496e-12,-1.1063353492788036e-12,9.61354039686553e-13,-2.7792534850169746e-16,-1.6108475060322565e-09,1.7824848024025063e-10,2.3335780545639065e-06,1.786436962537225e-06,1.3874073126196748e-06,1.0299768726297407e-06,3.917778327446221e-06,-2.7725956277433246e-09,1.2912005195214033e-09,-2.235354295920152e-09,1.761285393800862e-09,1.8171866806269807e-09,1.1601801193995917e-09,5.586452268551637e-07
734,14.680000000000048,772.9732622477471,5.292429769759666e-10,8.887999116320819e-10,-2.5783555487910297e-12,2.578055427004668e-12,-1.0570954205180406e-12,9.12816593090677e-13,-2.782170023877093e-16,-1.5943172052466969e-09,1.764191738048653e-10,2.3335780545639065e-06,1.786436962537225e-06,1.3874073126196748e-06,1.029987512367766e-06,3.9177961955829355e-06,-2.7726471619139323e-09,1.2912520476874968e-09,-2.2353759302279446e-09,1.7613041355071897e-09,1.8171866750655741e-09,1.1281284722867858e-09,5.586487735317041e-07
735,14.700000000000022,772.9735363452712,5.238120728552836e-10,8.796816312035864e-10,-2.581970799986743e-12,2.5816708704998486e-12,-1.0062256924956648e-12,8.626465746347931e-13,-2.785050116995242e-16,-1.577958395452624e-09,1.7460884894611392e-10,2.3335780545639065e-06,1.786436962537225e-06,1.3874073126196748e-06,1.0299980429182642e-06,3.917813880398364e-06,-2.772698765177441e-09,1.2913036449504718e-09,-2.2353965634391435e-09,1.7613218901388669e-09,1.81718666949845e-09,1.0964057162798326e-09,5.586522838119316e-07
736,14.720000000000033,772.9738077358547,5.184348915956257e-10,8.706534756227771e-10,-2.5830820356364153e-12,2.582782380018088e-12,-9.925973874417758e-13,8.497683710294198e-13,-2.78790004687454e-16,-1.5617613897714963e-09,1.7281643001513014e-10,2.3335780545639065e-06,1.786436962537225e-06,1.3874073126196748e-06,1.0300084653879087e-06,3.917831383749433e-06,-2.7727504157058116e-09,1.291355289482977e-09,-2.235416551669905e-09,1.7613390142883235e-09,1.8171866639253968e-09,1.0650085184275754e-09,5.586557580647212e-07
737,14.740000000000025,772.974076314083,5.131135480482468e-10,8.617190189607782e-10,-2.583540681296046e-12,2.5832413145794676e-12,-9.902490729793959e-13,8.481868859411283e-13,-2.7907136791996353e-16,-1.5457325494773389e-09,1.710426230934368e-10,2.3335780545639065e-06,1.786436962537225e-06,1.3874073126196748e-06,1.030018780872305e-06,3.917848707474379e-06,-2.772802081933091e-09,1.2914069497199231e-09,-2.2354363801345826e-09,1.7613559938408932e-09,1.8171866583468378e-09,1.0339335790350988e-09,5.586591966552523e-07
738,14.76000000000003,772.9743420799583,5.078480444570961e-10,8.528782661054752e-10,-2.5833467136705357e-12,2.5830476233179684e-12,-9.988207047668225e-13,8.575420751314106e-13,-2.793491012471195e-16,-1.5298718824232086e-09,1.6928742892972604e-10,2.3335780545639065e-06,1.786436962537225e-06,1.3874073126196748e-06,1.03002899048823e-06,3.91786585344723e-06,-2.7728537508069246e-09,1.2914586126093022e-09,-2.235456270832465e-09,1.7613730511305038e-09,1.8171866527625613e-09,1.0031775347160857e-09,5.586625999557726e-07
739,14.779999999999994,772.9746051919756,5.026352139780092e-10,8.441259177793394e-10,-2.5815158142241393e-12,2.581217026968989e-12,-1.0073491193632692e-12,8.668458709081164e-13,-2.7962561224449576e-16,-1.5141698428397835e-09,1.6754979274375737e-10,2.3335780545639065e-06,1.786436962537225e-06,1.3874073126196748e-06,1.0300390953208143e-06,3.917882823489069e-06,-2.772905399432012e-09,1.291510255255805e-09,-2.235476332530629e-09,1.7613902950099642e-09,1.8171866471727792e-09,9.727371174635105e-10,5.586659683279893e-07
740,14.800000000000033,772.9748656343029,4.974753750017415e-10,8.354625056773142e-10,-2.5781462771443843e-12,2.5778478726243405e-12,-1.0182276655031395e-12,8.784973806063926e-13,-2.7990187303591796e-16,-1.4986273925589887e-09,1.658298204712255e-10,2.3335780545639065e-06,1.786436962537225e-06,1.3874073126196748e-06,1.0300490964267042e-06,3.917899619373303e-06,-2.7729569960530885e-09,1.291561845904801e-09,-2.235496588298441e-09,1.7614077484424794e-09,1.8171866415774913e-09,9.426091451094645e-10,5.586693021241214e-07
741,14.820000000000036,772.9751233649143,4.92369369648524e-10,8.268894392383108e-10,-2.5734990183816174e-12,2.5732010488882214e-12,-1.0339026574406396e-12,8.949511324322772e-13,-2.801760022551756e-16,-1.483247071760346e-09,1.641277925440139e-10,2.3335780545639065e-06,1.786436962537225e-06,1.3874073126196748e-06,1.0300589948741507e-06,3.917916242892753e-06,-2.7730085125058844e-09,1.2916133563940163e-09,-2.2355171096017645e-09,1.7614254829276099e-09,1.8171866359766977e-09,9.127904004662664e-10,5.586726017002515e-07
742,14.840000000000003,772.9753784268925,4.873163386174428e-10,8.18405280168933e-10,-2.568454667578381e-12,2.568157146054474e-12,-1.0484691467350884e-12,9.102971103993157e-13,-2.804497892015869e-16,-1.4680262914782356e-09,1.6244342269950889e-10,2.3335780545639065e-06,1.786436962537225e-06,1.3874073126196748e-06,1.0300687917312335e-06,3.917932695839947e-06,-2.7730599320428646e-09,1.2916647699759657e-09,-2.235537933319779e-09,1.7614435354100382e-09,1.8171866303703983e-09,8.832776668339284e-10,5.58675867412404e-07
743,14.860000000000008,772.9756309707534,4.823132743686711e-10,8.100049918678146e-10,-2.5660901804505226e-12,2.5657929803292482e-12,-1.048083651723158e-12,9.106741275498943e-13,-2.807251986091242e-16,-1.4529559878090075e-09,1.6077570902201677e-10,2.3335780545639065e-06,1.786436962537225e-06,1.3874073126196748e-06,1.0300784880273634e-06,3.917948979942667e-06,-2.7731112774911435e-09,1.2917161094772295e-09,-2.2355588988478376e-09,1.7614617451224176e-09,1.8171866247585933e-09,8.540678440410488e-10,5.586790996037212e-07
744,14.880000000000033,772.9758808978552,4.773621510956546e-10,8.016918820283547e-10,-2.5643891684962117e-12,2.5640922550285003e-12,-1.0578465834006628e-12,9.21194197507298e-13,-2.809994367957949e-16,-1.4380421120096099e-09,1.5912530918439872e-10,2.3335780545639065e-06,1.786436962537225e-06,1.3874073126196748e-06,1.0300880847816181e-06,3.917965096911407e-06,-2.7731625822848055e-09,1.2917674083295832e-09,-2.2355799581502786e-09,1.7614800638056682e-09,1.8171866191412826e-09,8.251578630428274e-10,5.586822986139032e-07
745,14.900000000000027,772.9761282081993,4.724629707405838e-10,7.934659548646302e-10,-2.5633516534129073e-12,2.5630549863680216e-12,-1.075689276558648e-12,9.397886548922876e-13,-2.8127250367704573e-16,-1.4232846708781951e-09,1.5749222383419765e-10,2.3335780545639065e-06,1.786436962537225e-06,1.3874073126196748e-06,1.0300975830328364e-06,3.917981048489776e-06,-2.7732138596930453e-09,1.2918186798019973e-09,-2.235601293508804e-09,1.7614986736341922e-09,1.817186613518466e-09,7.965445952139575e-10,5.586854647892334e-07
746,14.92000000000004,772.9763730451937,4.676128663741317e-10,7.853223851859379e-10,-2.564465325661085e-12,2.5641688701964912e-12,-1.0926527003826374e-12,9.575175982383514e-13,-2.815440424538017e-16,-1.4086750351448266e-09,1.5587549668640618e-10,2.3335780545639065e-06,1.786436962537225e-06,1.3874073126196748e-06,1.0301069837912075e-06,3.917996836373177e-06,-2.7732651378627677e-09,1.291869952040563e-09,-2.2356229769286257e-09,1.7615176466967235e-09,1.8171866078903557e-09,7.682249981537077e-10,5.586885984664386e-07
747,14.940000000000023,772.9766153945117,4.628121282655516e-10,7.772616744888182e-10,-2.5675816096295063e-12,2.5672853307454836e-12,-1.1095962008599313e-12,9.752203685131775e-13,-2.818140885825272e-16,-1.39421407399763e-09,1.542752251685797e-10,2.3335780545639065e-06,1.786436962537225e-06,1.3874073126196748e-06,1.0301162880411538e-06,3.9180124622137734e-06,-2.773316458332045e-09,1.2919212665825723e-09,-2.235644999417642e-09,1.761536974076391e-09,1.8171866022567395e-09,7.401961070623087e-10,5.586916999736571e-07
748,14.959999999999994,772.97685521813,4.580615172370272e-10,7.692850939443681e-10,-2.5723061427835808e-12,2.5720099985637795e-12,-1.1268886619893934e-12,9.932765566679348e-13,-2.8208282536420966e-16,-1.3799040833781214e-09,1.5269166252909236e-10,2.3335780545639065e-06,1.786436962537225e-06,1.3874073126196748e-06,1.030125496777609e-06,3.918027927681458e-06,-2.773367857209468e-09,1.2919726595358653e-09,-2.235667364266364e-09,1.7615566590456427e-09,1.8171865966178295e-09,7.124549254885913e-10,5.58694769642534e-07
749,14.980000000000048,772.9770925570723,4.533602149397103e-10,7.613912685202894e-10,-2.577725938495376e-12,2.5774299146368577e-12,-1.1405732640157486e-12,1.0077322112429289e-12,-2.8235033388705746e-16,-1.3657425999210848e-09,1.5112453588805336e-10,2.3335780545639065e-06,1.786436962537225e-06,1.3874073126196748e-06,1.0301346109949307e-06,3.918043234445083e-06,-2.773419357530098e-09,1.2920241539349976e-09,-2.235690038885623e-09,1.7615766691333218e-09,1.8171865909734137e-09,6.849984586555242e-10,5.586978078045182e-07
750,15.000000000000048,772.9773275546654,4.487053594599373e-10,7.535753994065288e-10,-2.5806509710766622e-12,2.5803551491122e-12,-1.1367171607141443e-12,1.0046461874753098e-12,-2.8261722272810436e-16,-1.3517210010042042e-09,1.4957289155016457e-10,2.3335780545639065e-06,1.786436962537225e-06,1.3874073126196748e-06,1.0301436316506747e-06,3.918058384111762e-06,-2.7734709412991434e-09,1.2920757317856352e-09,-2.2357128117899264e-09,1.761596792917309e-09,1.8171865853237039e-09,6.578238226462718e-10,5.587008147787925e-07
751,15.019999999999992,772.9775601169802,4.4409882912180985e-10,7.458406375167824e-10,-2.5831717443055166e-12,2.5828761470973645e-12,-1.1241165338118515e-12,9.928201053357702e-13,-2.828830929457211e-16,-1.3378449471723517e-09,1.480373554425333e-10,2.3335780545639065e-06,1.786436962537225e-06,1.3874073126196748e-06,1.0301525596925605e-06,3.918073378272132e-06,-2.773522579526478e-09,1.2921273640985972e-09,-2.2357354201269514e-09,1.761616767580237e-09,1.8171865796687002e-09,6.309281631645809e-10,5.587037908812624e-07
752,15.040000000000001,772.9777902440197,4.395406256068258e-10,7.381869864946132e-10,-2.585288245686699e-12,2.58499289670343e-12,-1.1029726097644618e-12,9.724551912292084e-13,-2.8314902501858473e-16,-1.3241144443105403e-09,1.4651792812564439e-10,2.3335780545639065e-06,1.786436962537225e-06,1.3874073126196748e-06,1.0301613960871079e-06,3.918088218548372e-06,-2.7735742641263255e-09,1.2921790427890353e-09,-2.235757691018332e-09,1.7616364203332027e-09,1.8171865740084025e-09,6.043085692497408e-10,5.587067364340982e-07
753,15.06,772.97801807009,4.3502806943800773e-10,7.306099792840793e-10,-2.5851397594773596e-12,2.5848447424846498e-12,-1.0795470752628519e-12,9.497663845736675e-13,-2.8341502276338955e-16,-1.310521407606603e-09,1.450137180072219e-10,2.3335780545639065e-06,1.786436962537225e-06,1.3874073126196748e-06,1.0301701417740582e-06,3.918102906518029e-06,-2.77362596840656e-09,1.2922307411654272e-09,-2.235779516215164e-09,1.7616556425489607e-09,1.8171865683428109e-09,5.779622107305699e-10,5.587096517505595e-07
754,15.080000000000009,772.9782435817715,4.305614300659416e-10,7.23110065962366e-10,-2.582912135872612e-12,2.5826175254666433e-12,-1.0481927428596091e-12,9.191111682300685e-13,-2.83680421737628e-16,-1.2970666509105316e-09,1.435248147476827e-10,2.3335780545639065e-06,1.786436962537225e-06,1.3874073126196748e-06,1.0301787976690533e-06,3.918117443718482e-06,-2.7736776489254026e-09,1.2922824157881068e-09,-2.235800793613342e-09,1.7616743313244887e-09,1.8171865626719253e-09,5.518863301453876e-10,5.587125371358871e-07
755,15.100000000000058,772.9784667434594,4.2614141989144305e-10,7.156884352157682e-10,-2.5790986415902028e-12,2.578804482560342e-12,-1.0018173502015343e-12,8.734096732581565e-13,-2.8394509903733066e-16,-1.2837523247250962e-09,1.4205145539895715e-10,2.3335780545639065e-06,1.786436962537225e-06,1.3874073126196748e-06,1.0301873646975528e-06,3.918131831703494e-06,-2.7737292690330084e-09,1.2923340300081872e-09,-2.2358212937143722e-09,1.7616922565329036e-09,1.8171865569957458e-09,5.260781403889676e-10,5.587153928985885e-07
756,15.12,772.9786875926377,4.217672904086687e-10,7.083438235777945e-10,-2.574963691764579e-12,2.574669988844119e-12,-9.52390434526096e-13,8.246427694004352e-13,-2.8420907613448114e-16,-1.2705761784892883e-09,1.4059339007994688e-10,2.3335780545639065e-06,1.786436962537225e-06,1.3874073126196748e-06,1.0301958437846557e-06,3.918146072026082e-06,-2.773780809656313e-09,1.292385564752901e-09,-2.235840835792128e-09,1.76170923705733e-09,1.8171865513142723e-09,5.005348553568992e-10,5.587182193470433e-07
757,15.140000000000022,772.9789062602812,4.1743642249652036e-10,7.010718081499031e-10,-2.5749251584129315e-12,2.5746317409403642e-12,-9.099323231166132e-13,7.82870379202599e-13,-2.8447242821392673e-16,-1.2575303352390813e-09,1.391497444264729e-10,2.3335780545639065e-06,1.786436962537225e-06,1.3874073126196748e-06,1.0302042358217847e-06,3.918160166182399e-06,-2.7738323085446103e-09,1.2924370577701989e-09,-2.235859459019766e-09,1.7617253121888161e-09,1.8171865456275048e-09,4.752537902195869e-10,5.587210167783884e-07
758,15.160000000000053,772.9791226605577,4.131505398959717e-10,6.9387533322927e-10,-2.5760879246008137e-12,2.5757947394944445e-12,-8.551474715973267e-13,7.287222954010503e-13,-2.8473512435511465e-16,-1.2446199655494216e-09,1.3772109552060818e-10,2.3335780545639065e-06,1.786436962537225e-06,1.3874073126196748e-06,1.0302125416914086e-06,3.918174115653813e-06,-2.773883818675576e-09,1.2924885620350032e-09,-2.2358771098177933e-09,1.7617404281155622e-09,1.8171865399354434e-09,4.502322872116624e-10,5.587237854867879e-07
759,15.180000000000005,772.9793367934693,4.089096437076539e-10,6.867543990295158e-10,-2.578452023650533e-12,2.578159018423834e-12,-8.191483115332274e-13,6.933144849081059e-13,-2.849971867478679e-16,-1.2318450745187378e-09,1.3630744361060707e-10,2.3335780545639065e-06,1.786436962537225e-06,1.3874073126196748e-06,1.0302207622932445e-06,3.9181879219511356e-06,-2.773935364074876e-09,1.2925401015725822e-09,-2.2358938527756486e-09,1.7617546484833653e-09,1.817186534238088e-09,4.254676368110407e-10,5.587265257721792e-07
760,15.200000000000019,772.97954878483,4.04711217953283e-10,6.797047394887792e-10,-2.5806664955532513e-12,2.5803737136496263e-12,-7.969888465746646e-13,6.717646932004704e-13,-2.852587560750776e-16,-1.2191981031441889e-09,1.3490794789616097e-10,2.3335780545639065e-06,1.786436962537225e-06,1.3874073126196748e-06,1.0302288985018612e-06,3.918201586542521e-06,-2.773986955260118e-09,1.292591686899903e-09,-2.23591001414713e-09,1.7617682992751463e-09,1.8171865285354387e-09,4.009572050343945e-10,5.587292379260943e-07
761,15.220000000000063,772.9797586220698,4.0055551513392404e-10,6.727267809383412e-10,-2.582866322598881e-12,2.5825737991145057e-12,-7.795956705228883e-13,6.549969388786604e-13,-2.855198141336179e-16,-1.2066798119282215e-09,1.3352269263089965e-10,2.3335780545639065e-06,1.786436962537225e-06,1.3874073126196748e-06,1.030236951169192e-06,3.918215110857725e-06,-2.7740385905884825e-09,1.2926433163750306e-09,-2.235925779992341e-09,1.761781566891467e-09,1.8171865228277072e-09,3.7669842588361704e-10,5.587319222324995e-07
762,15.240000000000038,772.9799662718314,3.9644320302081486e-10,6.658216498060536e-10,-2.5854096901648288e-12,2.5851174309837384e-12,-7.633995880746434e-13,6.394351932691339e-13,-2.8578031271342777e-16,-1.1942922110278035e-09,1.3215190063523445e-10,2.3335780545639065e-06,1.786436962537225e-06,1.3874073126196748e-06,1.0302449211563736e-06,3.918228496342033e-06,-2.7740902733485744e-09,1.2926949932873315e-09,-2.235941209944943e-09,1.7617945112127886e-09,1.8171865171146817e-09,3.5268870565408714e-10,5.587345789784322e-07
763,15.260000000000003,772.9801717690934,3.9237358530288123e-10,6.589881803899265e-10,-2.587862965015665e-12,2.587570980548052e-12,-7.484764930161426e-13,6.251511583539092e-13,-2.86039835177429e-16,-1.182033202279825e-09,1.3079533994598139e-10,2.3335780545639065e-06,1.786436962537225e-06,1.3874073126196748e-06,1.0302528093242568e-06,3.918241744440335e-06,-2.77414200607514e-09,1.2927467201714466e-09,-2.235956328705687e-09,1.7618071570763048e-09,1.817186511396574e-09,3.2892545152105147e-10,5.587372084508381e-07
764,15.280000000000058,772.9803752360668,3.883442257486341e-10,6.522222924677423e-10,-2.5887110529608183e-12,2.5884193832273294e-12,-7.358845940582022e-13,6.131883972161549e-13,-2.8629692598558886e-16,-1.1698954430294043e-09,1.294521989765293e-10,2.3335780545639065e-06,1.786436962537225e-06,1.3874073126196748e-06,1.0302606165023674e-06,3.918254856545064e-06,-2.774193771815238e-09,1.2927984800750844e-09,-2.2359711723164603e-09,1.7618195404718605e-09,1.8171865056731725e-09,3.0540616506789494e-10,5.587398109262273e-07
765,15.300000000000036,772.9805765926639,3.8435672437610377e-10,6.455266757622243e-10,-2.58894681818159e-12,2.5886554903380605e-12,-7.240280674482491e-13,6.019471703539821e-13,-2.8655253888608627e-16,-1.1578837525587758e-09,1.2812301119792662e-10,2.3335780545639065e-06,1.786436962537225e-06,1.3874073126196748e-06,1.0302683435118685e-06,3.918267834034746e-06,-2.7742455483939695e-09,1.29285025082382e-09,-2.2359857714430317e-09,1.7618316918275362e-09,1.8171864999446886e-09,2.8212837311203846e-10,5.58742386678329e-07
766,15.320000000000023,772.9807758388835,3.8041108570903994e-10,6.389013599862024e-10,-2.588570244922633e-12,2.5882792861257177e-12,-7.128595426449907e-13,5.913476901246964e-13,-2.8680667380840724e-16,-1.1459981352828615e-09,1.2680777920560959e-10,2.3335780545639065e-06,1.786436962537225e-06,1.3874073126196748e-06,1.0302759911899693e-06,3.918280678315104e-06,-2.774297323564509e-09,1.2929020201715846e-09,-2.2360001403191548e-09,1.761843624776141e-09,1.8171864942111226e-09,2.590895542336369e-10,5.587449359862331e-07
767,15.340000000000005,772.9809730919901,3.76504965720452e-10,6.323423625699293e-10,-2.5874606668967315e-12,2.5871700740250192e-12,-7.130299178209023e-13,5.921123774586525e-13,-2.870583627164088e-16,-1.1342315523573857e-09,1.2550571925860034e-10,2.3335780545639065e-06,1.786436962537225e-06,1.3874073126196748e-06,1.0302835603504836e-06,3.918293390752329e-06,-2.7743490838734317e-09,1.2929537746651862e-09,-2.236014399213767e-09,1.7618554593768168e-09,1.8171864884724744e-09,2.3628725735725515e-10,5.587474591212177e-07
768,15.360000000000007,772.9811683402631,3.7263859931466394e-10,6.258500793037534e-10,-2.585630121771278e-12,2.58533989472858e-12,-7.159339525043168e-13,5.956347806316084e-13,-2.873077022433496e-16,-1.122584711610697e-09,1.2421690969889713e-10,2.3335780545639065e-06,1.786436962537225e-06,1.3874073126196748e-06,1.030291051786134e-06,3.9183059726767474e-06,-2.7744008147814174e-09,1.2930054997648738e-09,-2.236028688852499e-09,1.7618673368483978e-09,1.817186482728744e-09,2.137190947175728e-10,5.587499563475072e-07
769,15.380000000000072,772.9813615526184,3.688126082915999e-10,6.194255597078142e-10,-2.5831105805489014e-12,2.5828207272644046e-12,-7.212002194138019e-13,6.015360642436502e-13,-2.875549489417686e-16,-1.1110594844774714e-09,1.2294155804146028e-10,2.3335780545639065e-06,1.786436962537225e-06,1.3874073126196748e-06,1.03029846629821e-06,3.9183184254331376e-06,-2.774452502188332e-09,1.293057181371094e-09,-2.2360430601941232e-09,1.7618793085568467e-09,1.8171864769801431e-09,1.9138265275661817e-10,5.587524279321846e-07
770,15.40000000000004,772.9815527616457,3.6502634415333017e-10,6.130677161240823e-10,-2.5804614943684596e-12,2.58017200315568e-12,-7.288146919670354e-13,6.098012495704662e-13,-2.878007334129835e-16,-1.0996539176958323e-09,1.2167944815276235e-10,2.3335780545639065e-06,1.786436962537225e-06,1.3874073126196748e-06,1.0303058046877344e-06,3.9183307503658956e-06,-2.7745041379088726e-09,1.293108811298398e-09,-2.2360575603432007e-09,1.7618914219299848e-09,1.8171864712266718e-09,1.6927551873492094e-10,5.587548741422465e-07
771,15.42000000000003,772.981742081222,3.6127753817970616e-10,6.067727420123734e-10,-2.5796375720080872e-12,2.5793483626360266e-12,-7.380541638591499e-13,6.197038034301556e-13,-2.880462342854915e-16,-1.088361176482177e-09,1.2042982390613125e-10,2.3335780545639065e-06,1.786436962537225e-06,1.3874073126196748e-06,1.0303130677265577e-06,3.918342948770477e-06,-2.7745557388993684e-09,1.293160406502056e-09,-2.2360722290317176e-09,1.7619037169805148e-09,1.8171864654681183e-09,1.4739536779315102e-10,5.587572952349671e-07
772,15.440000000000058,772.9819294367137,3.5756768156927204e-10,6.00543157382183e-10,-2.5793578493969134e-12,2.5790688865227394e-12,-7.487513301800382e-13,6.310527765258675e-13,-2.882903625399807e-16,-1.0771857463043733e-09,1.1919318315980885e-10,2.3335780545639065e-06,1.786436962537225e-06,1.3874073126196748e-06,1.0303202561787552e-06,3.918355021929471e-06,-2.7746073288534484e-09,1.2932119906745475e-09,-2.236087097086591e-09,1.7619162245463145e-09,1.8171864597046944e-09,1.257398985652552e-10,5.587596914650378e-07
773,15.460000000000026,772.982114828128,3.53896777927108e-10,5.943789853820039e-10,-2.5796223392051064e-12,2.5793335875056935e-12,-7.609062112827227e-13,6.438232189343464e-13,-2.8853306942332416e-16,-1.0661276309851778e-09,1.1796952795318322e-10,2.3335780545639065e-06,1.786436962537225e-06,1.3874073126196748e-06,1.0303273708233502e-06,3.918366971150899e-06,-2.774658918655486e-09,1.2932635746992876e-09,-2.23610219366206e-09,1.7619289733062691e-09,1.8171864539364e-09,1.043067647923944e-10,5.587620630921489e-07
774,15.480000000000016,772.9822983634729,3.502626707223439e-10,5.882765828506401e-10,-2.5807039213270704e-12,2.58041537672862e-12,-7.728313320951215e-13,6.563617902795743e-13,-2.8877527849885636e-16,-1.0551803450079654e-09,1.167581382966724e-10,2.3335780545639065e-06,1.786436962537225e-06,1.3874073126196748e-06,1.0303344124178367e-06,3.918378797706581e-06,-2.7747105219181475e-09,1.29331517218893e-09,-2.2361175310375606e-09,1.7619419751563614e-09,1.8171864481632352e-09,8.309368503247284e-11,5.587644103688114e-07
775,15.499999999999984,772.9824800319544,3.4666557603589807e-10,5.822363119828298e-10,-2.5825753505940597e-12,2.5822870054415695e-12,-7.861364717910927e-13,6.702799633680409e-13,-2.8903602466671365e-16,-1.044344540289651e-09,1.1555908616052338e-10,2.3335780545639065e-06,1.786436962537225e-06,1.3874073126196748e-06,1.0303413817003044e-06,3.9183905028355295e-06,-2.774762154710919e-09,1.2933667992127516e-09,-2.236133120715589e-09,1.7619552415738977e-09,1.8171864423852e-09,6.20984361795307e-11,5.587667335410559e-07
776,15.520000000000017,772.9826598049364,3.4310606556393934e-10,5.762591302838305e-10,-2.58516430005508e-12,2.584876139090462e-12,-8.001804767822219e-13,6.849410022220571e-13,-2.8930194666117766e-16,-1.0336219408724216e-09,1.1437256196212281e-10,2.3335780545639065e-06,1.786436962537225e-06,1.3874073126196748e-06,1.0303482794167203e-06,3.918402087789952e-06,-2.774813832107598e-09,1.293418470844197e-09,-2.2361489838850977e-09,1.7619687937835537e-09,1.8171864366018708e-09,4.131877136787535e-11,5.587690328575372e-07
777,15.540000000000019,772.9828377132748,3.3958352586282617e-10,5.703440138352512e-10,-2.5877958857828764e-12,2.5875079096202302e-12,-8.123956097179524e-13,6.977686654077252e-13,-2.8958406597557927e-16,-1.0230106966986736e-09,1.1319836150513623e-10,2.3335780545639065e-06,1.786436962537225e-06,1.3874073126196748e-06,1.0303551063126347e-06,3.918413553821393e-06,-2.774865561709459e-09,1.2934701946846841e-09,-2.2361651096460433e-09,1.76198262088023e-09,1.8171864308130359e-09,2.075244499216301e-11,5.587713085667718e-07
778,15.560000000000013,772.9830138647525,3.360958110825106e-10,5.644873796236056e-10,-2.588112089407137e-12,2.5878243839940377e-12,-8.146490285998628e-13,7.006003988191344e-13,-2.898661218307889e-16,-1.0125043350055735e-09,1.1203577050077515e-10,2.3335780545639065e-06,1.786436962537225e-06,1.3874073126196748e-06,1.0303618631060042e-06,3.9184249021353274e-06,-2.774917320789337e-09,1.2935219480076202e-09,-2.236181380092498e-09,1.7619966045708723e-09,1.8171864250184835e-09,3.9729467512639353e-13,5.587735609080919e-07
779,15.580000000000025,772.9831881887328,3.326443290560617e-10,5.58691579144942e-10,-2.5876581702353456e-12,2.587370770553669e-12,-8.133401904238494e-13,6.998551305627507e-13,-2.9014777981117076e-16,-1.0021071031685183e-09,1.1088525757483664e-10,2.3335780545639065e-06,1.786436962537225e-06,1.3874073126196748e-06,1.0303685505074055e-06,3.918436133924915e-06,-2.7749690784919393e-09,1.2935736999591657e-09,-2.236197659984641e-09,1.7620106091261662e-09,1.8171864192184254e-09,-1.974881970662662e-11,5.587757901183726e-07
780,15.600000000000037,772.9833606852154,3.2922908072876044e-10,5.529566144501522e-10,-2.5864341112353397e-12,2.5861470501040516e-12,-8.071117271398673e-13,6.941754924015008e-13,-2.904290826734247e-16,-9.918190044964346e-10,1.0974682304247506e-10,2.3335780545639065e-06,1.786436962537225e-06,1.3874073126196748e-06,1.0303751692415034e-06,3.918447250406851e-06,-2.775020819414819e-09,1.2936254351373722e-09,-2.236213864503769e-09,1.7620245494323958e-09,1.8171864134126498e-09,-3.968808078328812e-11,5.587779964391788e-07
781,15.620000000000037,772.983531455401,3.258480478925065e-10,5.472790683373844e-10,-2.5843396572181695e-12,2.5840529820060067e-12,-8.097478119555655e-13,6.97389113261006e-13,-2.9070944679658954e-16,-9.81633972855989e-10,1.086197927094514e-10,2.3335780545639065e-06,1.786436962537225e-06,1.3874073126196748e-06,1.0303817200127897e-06,3.9184582527636786e-06,-2.775072527152642e-09,1.2936771371376934e-09,-2.2362300330991705e-09,1.7620384650784524e-09,1.8171864076013685e-09,-5.942261055681193e-11,5.587801801053363e-07
782,15.64000000000004,772.9837004891746,3.225014331701653e-10,5.416592843422441e-10,-2.5813848050831973e-12,2.5810985642508016e-12,-8.198712808805972e-13,7.081144873502517e-13,-2.9098886179178856e-16,-9.715526177515344e-10,1.0750423426235141e-10,2.3335780545639065e-06,1.786436962537225e-06,1.3874073126196748e-06,1.0303882035076004e-06,3.918469142147206e-06,-2.775124184397137e-09,1.293728788653156e-09,-2.236246329290133e-09,1.7620525201144586e-09,1.8171864017843697e-09,-7.895447646289021e-11,5.58782341345606e-07
783,15.66000000000002,772.9838677597107,3.191897727661099e-10,5.360981708994839e-10,-2.5775961128294546e-12,2.5773103500905672e-12,-8.338276656193085e-13,7.226856170662382e-13,-2.912748210378706e-16,-9.615765514023468e-10,1.0640032682286735e-10,2.3335780545639065e-06,1.786436962537225e-06,1.3874073126196748e-06,1.0303946204196598e-06,3.918479919721758e-06,-2.775175774206374e-09,1.2937803727422994e-09,-2.2362628662796452e-09,1.7620668281155027e-09,1.8171863959616535e-09,-9.828576815440973e-11,5.587844803912169e-07
784,15.680000000000016,772.9840332952069,3.1591250636265613e-10,5.305947909264114e-10,-2.57380124068232e-12,2.573515957093141e-12,-8.503604604090012e-13,7.398410205174808e-13,-2.9157500186914247e-16,-9.517040847770598e-10,1.0530788378647492e-10,2.3335780545639065e-06,1.786436962537225e-06,1.3874073126196748e-06,1.0304009714424512e-06,3.918490586651376e-06,-2.7752272881799047e-09,1.2938318810053712e-09,-2.236279708160996e-09,1.7620814533818785e-09,1.8171863901332198e-09,-1.1741857451619998e-10,5.58786597473323e-07
785,15.700000000000054,772.9841971942038,3.12667674046527e-10,5.251458653698077e-10,-2.5728919928568963e-12,2.572607052727336e-12,-8.681154121023805e-13,7.582092960302121e-13,-2.918735676569616e-16,-9.419293089141316e-10,1.0422625242756478e-10,2.3335780545639065e-06,1.786436962537225e-06,1.3874073126196748e-06,1.0304072572442554e-06,3.918501144057939e-06,-2.77527875511219e-09,1.2938833422354695e-09,-2.236296892919802e-09,1.762096433885044e-09,1.817186384298645e-09,-1.3635490845314848e-10,5.587886928146852e-07
786,15.720000000000017,772.9843593921256,3.094565615845454e-10,5.197535460457234e-10,-2.572973307348484e-12,2.5726886626426423e-12,-8.867977407127175e-13,7.775069405676199e-13,-2.921704830636423e-16,-9.322561009694373e-10,1.0315586095450308e-10,2.3335780545639065e-06,1.786436962537225e-06,1.3874073126196748e-06,1.0304134784866116e-06,3.918511593052053e-06,-2.7753302137651517e-09,1.2939347951926231e-09,-2.236314442051429e-09,1.76211179104741e-09,1.8171863784581411e-09,-1.5509676255194882e-10,5.58790766635819e-07
787,15.740000000000046,772.9845198889693,3.0627916979522867e-10,5.144178347265315e-10,-2.574045204686179e-12,2.5737608092607775e-12,-9.063479642195896e-13,7.976744720691195e-13,-2.9246577437894304e-16,-9.226844638084921e-10,1.0209670964008145e-10,2.3335780545639065e-06,1.786436962537225e-06,1.3874073126196748e-06,1.0304196358439255e-06,3.918521934765861e-06,-2.775381683950467e-09,1.2939862596873422e-09,-2.2363323735085295e-09,1.7621275428615364e-09,1.817186372611708e-09,-1.7364616819975572e-10,5.58792819161525e-07
788,15.760000000000037,772.9846787791693,3.031336205106048e-10,5.091356050066002e-10,-2.575514807119262e-12,2.5752306515141288e-12,-9.198963090355415e-13,8.118014656870967e-13,-2.927604314018567e-16,-9.132087275489136e-10,1.0104817379109402e-10,2.3335780545639065e-06,1.786436962537225e-06,1.3874073126196748e-06,1.0304257299718286e-06,3.918532170300258e-06,-2.7754331795505823e-09,1.2940377496019498e-09,-2.2363506359511655e-09,1.762143637620914e-09,1.8171863667593456e-09,-1.9200510011332124e-10,5.587948506103593e-07
789,15.780000000000024,772.9848360532867,3.000201023376699e-10,5.03907171968136e-10,-2.5774413635929604e-12,2.5771574346822884e-12,-9.325226269314946e-13,8.249707757834868e-13,-2.9305306952019216e-16,-9.038294616485821e-10,1.0001031617590324e-10,2.3335780545639065e-06,1.786436962537225e-06,1.3874073126196748e-06,1.030431761509057e-06,3.918542300728028e-06,-2.7754847091124837e-09,1.2940892734828118e-09,-2.236369160140535e-09,1.7621600053433287e-09,1.8171863609012657e-09,-2.101754820052845e-10,5.58796861195259e-07
790,15.800000000000018,772.9849916862883,2.9693911432469326e-10,4.987333676400981e-10,-2.5799820767362574e-12,2.5796983503436142e-12,-9.465783223362919e-13,8.395433522766646e-13,-2.933372216820815e-16,-8.94548172755109e-10,9.89833028239914e-11,2.3335780545639065e-06,1.786436962537225e-06,1.3874073126196748e-06,1.0304377311012237e-06,3.918552327133424e-06,-2.7755362833469027e-09,1.294140842040662e-09,-2.2363879511499413e-09,1.7621766504846093e-09,1.8171863550374684e-09,-2.2815925834931624e-10,5.587988511314489e-07
791,15.820000000000014,772.9851457044982,2.93890131506364e-10,4.936132960605818e-10,-2.582568307265924e-12,2.5822847712911105e-12,-9.673723175275208e-13,8.608504586351172e-13,-2.9362364765853887e-16,-8.853632865455564e-10,9.796695799712605e-11,2.3335780545639065e-06,1.786436962537225e-06,1.3874073126196748e-06,1.030443639393682e-06,3.918562250600061e-06,-2.775587908850532e-09,1.2941924618718783e-09,-2.2364070906564425e-09,1.7621936544227184e-09,1.8171863491679536e-09,-2.4595837294231936e-10,5.588008206340572e-07
792,15.840000000000062,772.9852981998944,2.9087131861900515e-10,4.885438294048103e-10,-2.583213259075283e-12,2.5829299528699687e-12,-9.878758740230357e-13,8.819333479747564e-13,-2.939192404213621e-16,-8.762692958637282e-10,9.696066759140596e-11,2.3335780545639065e-06,1.786436962537225e-06,1.3874073126196748e-06,1.0304494870081834e-06,3.918572072171316e-06,-2.7756395666663506e-09,1.29424411401912e-09,-2.236426643138304e-09,1.7622110822607846e-09,1.8171863432925095e-09,-2.635746987664541e-10,5.58802769910313e-07
793,15.860000000000001,772.9854491122028,2.878838795624449e-10,4.835270200139099e-10,-2.5832189267607668e-12,2.582935858533772e-12,-1.0084671810574093e-12,9.031243416298003e-13,-2.942086057430064e-16,-8.672698139064097e-10,9.596483444631415e-11,2.3335780545639065e-06,1.786436962537225e-06,1.3874073126196748e-06,1.0304552745601652e-06,3.918581792879811e-06,-2.7756912309882292e-09,1.2942957726772339e-09,-2.236446606568788e-09,1.7622289328376805e-09,1.8171863374111363e-09,-2.8101008986410243e-10,5.588046991653334e-07
794,15.880000000000045,772.9855984414224,2.8492781504568917e-10,4.785628694296713e-10,-2.5825852981894708e-12,2.5823024723225208e-12,-1.0291462373883651e-12,9.24423435821202e-13,-2.944953554752423e-16,-8.583648431509401e-10,9.497945879837048e-11,2.3335780545639065e-06,1.786436962537225e-06,1.3874073126196748e-06,1.0304610026771113e-06,3.9185914137787055e-06,-2.775742889030629e-09,1.2943474250605426e-09,-2.2364669827029463e-09,1.7622472083154551e-09,1.8171863315240455e-09,-2.982664364347139e-10,5.588066086082658e-07
795,15.90000000000002,772.9857462756744,2.8200137465491957e-10,4.736484521802508e-10,-2.580557265845014e-12,2.580274799521524e-12,-1.048752341253558e-12,9.446495057275623e-13,-2.9479994783320626e-16,-8.495491045918967e-10,9.400395785852268e-11,2.3335780545639065e-06,1.786436962537225e-06,1.3874073126196748e-06,1.0304666719690083e-06,3.918600935891921e-06,-2.7757945204562892e-09,1.294399050833261e-09,-2.2364877616887272e-09,1.7622658990448706e-09,1.8171863256310256e-09,-3.153455759121207e-10,5.588084984424324e-07
796,15.920000000000034,772.985892606153,2.7910473401197613e-10,4.687840621354724e-10,-2.5772102502815906e-12,2.5769282511899e-12,-1.0674155154490357e-12,9.639346245291603e-13,-2.9510264929489903e-16,-8.408231282536328e-10,9.30383900988431e-11,2.3335780545639065e-06,1.786436962537225e-06,1.3874073126196748e-06,1.030472283030095e-06,3.918610360217064e-06,-2.775846098131356e-09,1.294450622863768e-09,-2.236508923367382e-09,1.7622849848861731e-09,1.8171863197320764e-09,-3.322492982405876e-10,5.588103688659119e-07
797,15.940000000000046,772.9860374094997,2.7623835804090043e-10,4.6397047675790547e-10,-2.5727560233730934e-12,2.5724745649832774e-12,-1.0854283836457092e-12,9.82576815173881e-13,-2.9540218169211348e-16,-8.321883166835295e-10,9.208291031376794e-11,2.3335780545639065e-06,1.786436962537225e-06,1.3874073126196748e-06,1.0304778364610155e-06,3.918619687762453e-06,-2.775897597794265e-09,1.2945021168919298e-09,-2.2365304518064322e-09,1.7623044500005701e-09,1.8171863138269862e-09,-3.489794126899693e-10,5.588122200789161e-07
798,15.960000000000006,772.9861807101818,2.7340176022347886e-10,4.592068795827591e-10,-2.5682318230866982e-12,2.567950888676257e-12,-1.0991897310548624e-12,9.96974731014885e-13,-2.9569916653736123e-16,-8.236432045099297e-10,9.113735633730955e-11,2.3335780545639065e-06,1.786436962537225e-06,1.3874073126196748e-06,1.030483332862198e-06,3.9186289195360165e-06,-2.7759490076725285e-09,1.2945535211464663e-09,-2.236552297987658e-09,1.762324245516032e-09,1.8171863079159667e-09,-3.655377279018712e-10,5.588140522815825e-07
799,15.980000000000006,772.9863225937147,2.7059323907752767e-10,4.544904143641138e-10,-2.5672976716777814e-12,2.567017028537828e-12,-1.096993471756524e-12,9.954217463797976e-13,-2.9599577551773074e-16,-8.151826661097715e-10,9.020116103242389e-11,2.3335780545639065e-06,1.786436962537225e-06,1.3874073126196748e-06,1.030488772812191e-06,3.918638056508956e-06,-2.7760003629675653e-09,1.2946048708256386e-09,-2.2365742598195863e-09,1.762344169480806e-09,1.817186301999018e-09,-3.8192598660806785e-10,5.588158656667563e-07
800,16.0,772.9864630040549,2.6781391207707934e-10,4.4982296673038577e-10,-2.5675543951201037e-12,2.5672739687449496e-12,-1.0872632548073108e-12,9.863279018456248e-13,-2.962908312794518e-16,-8.068100640801915e-10,8.927469734289675e-11,2.3335780545639065e-06,1.786436962537225e-06,1.3874073126196748e-06,1.0304941568837024e-06,3.918647099642767e-06,-2.7760517114880327e-09,1.2946562137356114e-09,-2.236596102386946e-09,1.7623639869772882e-09,1.8171862960761402e-09,-3.981459139099628e-10,5.588176604253401e-07
801,16.020000000000035,772.9866019412049,2.6506378471938634e-10,4.4520457839781165e-10,-2.56900201503036e-12,2.568721730971954e-12,-1.068981633561491e-12,9.686272247394162e-13,-2.965843163271212e-16,-7.985254005690557e-10,8.835796872905433e-11,2.3335780545639065e-06,1.786436962537225e-06,1.3874073126196748e-06,1.0304994856606703e-06,3.918656049918218e-06,-2.7761030770520735e-09,1.2947075736926086e-09,-2.2366176648358517e-09,1.762383536528554e-09,1.817186290147333e-09,-4.141992685564835e-10,5.588194367520008e-07
802,16.040000000000013,772.9867394861856,2.6234124154129245e-10,4.406325306132132e-10,-2.570831457346694e-12,2.5705513198571957e-12,-1.0715860269868802e-12,9.71766613955498e-13,-2.9687039158390664e-16,-7.903238121166992e-10,8.745043638310595e-11,2.3335780545639065e-06,1.786436962537225e-06,1.3874073126196748e-06,1.0305047597109329e-06,3.918664908289308e-06,-2.776154475386972e-09,1.294758966423117e-09,-2.2366390705125112e-09,1.762402940466941e-09,1.8171862842128085e-09,-4.3008776068332373e-10,5.588211948360519e-07
803,16.060000000000016,772.9868756309032,2.59646441345977e-10,4.3610706961223953e-10,-2.573123571069031e-12,2.5728435727510597e-12,-1.0863233286875605e-12,9.870241957144788e-13,-2.9714967253648587e-16,-7.822057868692347e-10,8.65521521919833e-11,2.3335780545639065e-06,1.786436962537225e-06,1.3874073126196748e-06,1.0305099795877617e-06,3.91867367568531e-06,-2.776205914937223e-09,1.294810400372043e-09,-2.2366606496060377e-09,1.7624225283750377e-09,1.8171862782725664e-09,-4.458130566731855e-10,5.588229348619376e-07
804,16.080000000000048,772.9870103538759,2.5697981178791445e-10,4.316289064076722e-10,-2.5760928769876688e-12,2.575812992536552e-12,-1.1010404507206502e-12,1.0022580404516849e-12,-2.9742418541376844e-16,-7.7417261680999e-10,8.566325833331006e-11,2.3335780545639065e-06,1.786436962537225e-06,1.3874073126196748e-06,1.030515145850293e-06,3.918682353045071e-06,-2.776257407101773e-09,1.294861886937696e-09,-2.2366825232438366e-09,1.7624424211973993e-09,1.8171862723268187e-09,-4.613768407100023e-10,5.588246570160428e-07
805,16.100000000000026,772.9871436782647,2.543408934788667e-10,4.271972787953919e-10,-2.5790715995240383e-12,2.5787918347944433e-12,-1.1153544256341307e-12,1.0170716756107929e-12,-2.976925326702155e-16,-7.662229141968995e-10,8.47836021299254e-11,2.3335780545639065e-06,1.786436962537225e-06,1.3874073126196748e-06,1.0305202590573456e-06,3.918690941306923e-06,-2.7763089587466702e-09,1.2949134329859694e-09,-2.236704687192649e-09,1.7624626144945599e-09,1.8171862663755652e-09,-4.767807960200544e-10,5.588263614846474e-07
806,16.120000000000054,772.9872756849892,2.5172808004257886e-10,4.228095214595715e-10,-2.5797265761562793e-12,2.579447043331676e-12,-1.127927218792078e-12,1.0300788752291467e-12,-2.97951904264034e-16,-7.583518254108667e-10,8.391264973700686e-11,2.3335780545639065e-06,1.786436962537225e-06,1.3874073126196748e-06,1.030525319747081e-06,3.918699441374925e-06,-2.776360546728434e-09,1.2949650153747508e-09,-2.236727120008989e-09,1.7624830860000683e-09,1.8171862604190177e-09,-4.920265434161535e-10,5.588280484471661e-07
807,16.14000000000003,772.9874063210162,2.4914242222408834e-10,4.1846735935392865e-10,-2.5795867864213202e-12,2.579307525695412e-12,-1.140113925342429e-12,1.042694732973274e-12,-2.9820414153141714e-16,-7.505625343127633e-10,8.305074939198365e-11,2.3335780545639065e-06,1.786436962537225e-06,1.3874073126196748e-06,1.0305303284521037e-06,3.918707854143733e-06,-2.776412139861852e-09,1.295016602920441e-09,-2.236749800420471e-09,1.7625038137361503e-09,1.817186254457388e-09,-5.071156870133707e-10,5.588297180811574e-07
808,16.16000000000003,772.9875355863518,2.465839202994135e-10,4.141707915200821e-10,-2.5786522169838216e-12,2.5783732693881607e-12,-1.1527866965603707e-12,1.0557939336462565e-12,-2.98449244362812e-16,-7.428550427615872e-10,8.219790110184697e-11,2.3335780545639065e-06,1.786436962537225e-06,1.3874073126196748e-06,1.0305352857155289e-06,3.918716180525242e-06,-2.776463722251928e-09,1.2950681797283918e-09,-2.2367727294265937e-09,1.7625247986228166e-09,1.817186248490888e-09,-5.220498627841138e-10,5.588313705676623e-07
809,16.18000000000004,772.987663556851,2.4405106777534573e-10,4.0991731114926533e-10,-2.5769087599858502e-12,2.576630165264186e-12,-1.146031867533879e-12,1.0494286273287577e-12,-2.9869109384672956e-16,-7.352248022476136e-10,8.135360384902355e-11,2.3335780545639065e-06,1.786436962537225e-06,1.3874073126196748e-06,1.0305401920654096e-06,3.918724421406268e-06,-2.7765152778617864e-09,1.2951197297627383e-09,-2.2367957176121557e-09,1.7625458508484263e-09,1.8171862425195175e-09,-5.368306612342134e-10,5.588330060827118e-07
810,16.199999999999985,772.9877902249394,2.415440157208607e-10,4.0570716989505166e-10,-2.574369653703403e-12,2.5740914518601818e-12,-1.1217003481449848e-12,1.0254531393038043e-12,-2.9892930212265005e-16,-7.276722691511785e-10,8.05179078752545e-11,2.3335780545639065e-06,1.786436962537225e-06,1.3874073126196748e-06,1.0305450480162445e-06,3.918732577651079e-06,-2.7765667906460827e-09,1.2951712369789095e-09,-2.2368183949342968e-09,1.7625665996660926e-09,1.8171862365432765e-09,-5.51459631948162e-10,5.588346247978291e-07
811,16.220000000000013,772.9879155705012,2.3906316648287545e-10,4.015410528126486e-10,-2.571043902577991e-12,2.570766134245093e-12,-1.084719614193485e-12,9.887810993533534e-13,-2.9916345416416596e-16,-7.201986516095484e-10,7.969094776065067e-11,2.3335780545639065e-06,1.786436962537225e-06,1.3874073126196748e-06,1.0305498540880666e-06,3.918740650133306e-06,-2.7766182447818177e-09,1.2952226855547707e-09,-2.2368404591339682e-09,1.7625867420084793e-09,1.817186230562377e-09,-5.659383411557895e-10,5.588362268863854e-07
812,16.24,772.9880396147522,2.366080958126268e-10,3.9741822363700344e-10,-2.567513920487635e-12,2.5672365943607535e-12,-1.0450408375768784e-12,9.49400047736766e-13,-2.9939404444196505e-16,-7.12802682809357e-10,7.887258086973828e-11,2.3335780545639065e-06,1.786436962537225e-06,1.3874073126196748e-06,1.0305546108006895e-06,3.918748639726071e-06,-2.7766696303599765e-09,1.2952740655820566e-09,-2.236861756738541e-09,1.7626061238199501e-09,1.8171862245768186e-09,-5.802683544999681e-10,5.588378125216717e-07
813,16.26000000000004,772.9881624318107,2.3417732660658776e-10,3.9333616024780104e-10,-2.565874324210898e-12,2.565597337402141e-12,-1.0385150071883532e-12,9.4322437346942e-13,-2.9962225724148403e-16,-7.054799323222897e-10,7.806231271068624e-11,2.3335780545639065e-06,1.786436962537225e-06,1.3874073126196748e-06,1.0305593186549138e-06,3.91875654726991e-06,-2.776720964242444e-09,1.2953253939213744e-09,-2.2368825922970173e-09,1.7626250500641621e-09,1.8171862185866016e-09,-5.944511806513145e-10,5.588393818706075e-07
814,16.28000000000002,772.9882839731035,2.317718272906519e-10,3.8929651431137904e-10,-2.564752451725745e-12,2.5644757744336284e-12,-1.0418320791907294e-12,9.469058929903282e-13,-2.9984692146815376e-16,-6.98233306261324e-10,7.726046736970488e-11,2.3335780545639065e-06,1.786436962537225e-06,1.3874073126196748e-06,1.0305639781464528e-06,3.918764373596656e-06,-2.776772270510367e-09,1.2953766946524927e-09,-2.2369033957679796e-09,1.7626439513668267e-09,1.8171862125919377e-09,-6.084883130371353e-10,5.588409350984084e-07
815,16.30000000000004,772.9884042386312,2.2939159832461543e-10,3.8529928682496534e-10,-2.564148311017882e-12,2.5638719127481804e-12,-1.0542700657805855e-12,9.59722618556714e-13,-3.0006851477363866e-16,-6.910628062356485e-10,7.646704500007573e-11,2.3335780545639065e-06,1.786436962537225e-06,1.3874073126196748e-06,1.030568589780709e-06,3.9187721195546675e-06,-2.7768235595178758e-09,1.2954279781293646e-09,-2.2369243567893995e-09,1.7626630176519422e-09,1.8171862065928268e-09,-6.223812741621196e-10,5.588424723735321e-07
816,16.32000000000005,772.9885232992228,2.2703523681693674e-10,3.8134217666975694e-10,-2.5649056521045003e-12,2.5646294786767522e-12,-1.05432616486656e-12,9.600896749330327e-13,-3.002923257599788e-16,-6.839641812561835e-10,7.568158072517535e-11,2.3335780545639065e-06,1.786436962537225e-06,1.3874073126196748e-06,1.0305731540490605e-06,3.9187797859693025e-06,-2.7768748500576674e-09,1.2954792631432789e-09,-2.236945442751779e-09,1.7626822157748772e-09,1.817186200589269e-09,-6.361315440370449e-10,5.588439938597893e-07
817,16.340000000000035,772.9886411477997,2.247028842888683e-10,3.7742542204134586e-10,-2.566940191687663e-12,2.5666641915203493e-12,-1.0473848800882956e-12,9.533910517161906e-13,-3.0051445064421316e-16,-6.769378577231529e-10,7.490412173593039e-11,2.3335780545639065e-06,1.786436962537225e-06,1.3874073126196748e-06,1.0305776714302715e-06,3.9187873736452895e-06,-2.7769261685160884e-09,1.2955305760799808e-09,-2.2369664598622384e-09,1.7627013505821436e-09,1.8171861945812643e-09,-6.497405644268284e-10,5.58845499716814e-07
818,16.360000000000028,772.988757765585,2.223949188018599e-10,3.735496802943792e-10,-2.5700282503897886e-12,2.5697523772680644e-12,-1.048805326282995e-12,9.54952253244533e-13,-3.007490947576765e-16,-6.699849645811945e-10,7.413479518021217e-11,2.3335780545639065e-06,1.786436962537225e-06,1.3874073126196748e-06,1.0305821424083024e-06,3.918794883396313e-06,-2.776977538200521e-09,1.2955819402456687e-09,-2.2369874217643608e-09,1.7627204340151932e-09,1.817186188568601e-09,-6.632097926498668e-10,5.588469901059831e-07
819,16.38000000000006,772.9888731723497,2.2011094019409532e-10,3.6971422566796723e-10,-2.573389948291773e-12,2.573114181863911e-12,-1.049219971875412e-12,9.554871206430317e-13,-3.0099478530248454e-16,-6.631043211899017e-10,7.33734649402854e-11,2.3335780545639065e-06,1.786436962537225e-06,1.3874073126196748e-06,1.0305865674668924e-06,3.918802316035373e-06,-2.777028972382701e-09,1.29563336891126e-09,-2.2370084020172402e-09,1.762739538408932e-09,1.8171861825510671e-09,-6.765406855075988e-10,5.588484651885844e-07
820,16.40000000000004,772.9889874371619,2.1784956940688301e-10,3.6591668656806585e-10,-2.574300435157302e-12,2.5740248522966253e-12,-1.0442643815551393e-12,9.507155189060308e-13,-3.01245701691801e-16,-6.562917987831567e-10,7.261966849942052e-11,2.3335780545639065e-06,1.786436962537225e-06,1.3874073126196748e-06,1.0305909470719885e-06,3.918809672344495e-06,-2.7770804492866814e-09,1.2956848403016015e-09,-2.2370293368606833e-09,1.7627586004353276e-09,1.8171861765286629e-09,-6.897346467073174e-10,5.588499251199188e-07
821,16.420000000000034,772.9891005147578,2.1561171050361905e-10,3.621586157331012e-10,-2.5745453847965334e-12,2.5742700000287967e-12,-1.0382317267765876e-12,9.448788525415953e-13,-3.014947925481635e-16,-6.495501054332228e-10,7.187370895029801e-11,2.3335780545639065e-06,1.786436962537225e-06,1.3874073126196748e-06,1.0305952816847877e-06,3.918816953097518e-06,-2.7771319377450385e-09,1.2957363232501248e-09,-2.2370501618217186e-09,1.762777556379042e-09,1.8171861705011764e-09,-7.027930657494763e-10,5.588513700536933e-07
822,16.440000000000065,772.9892124051377,2.1339736388247455e-10,3.5844001403381465e-10,-2.5741247876586247e-12,2.573849607095804e-12,-1.0290794188790028e-12,9.359345329416373e-13,-3.0174202560600697e-16,-6.428792425336215e-10,7.113558642585858e-11,2.3335780545639065e-06,1.786436962537225e-06,1.3874073126196748e-06,1.0305995717755315e-06,3.918824159083815e-06,-2.7771834244466492e-09,1.2957878044461961e-09,-2.2370708349332516e-09,1.762796364512897e-09,1.8171861644688195e-09,-7.157173592291652e-10,5.58852800146647e-07
823,16.46000000000002,772.9893231745015,2.112052184252741e-10,3.5475869704703275e-10,-2.571576012467784e-12,2.571301219152288e-12,-1.0152610182708068e-12,9.22310094737336e-13,-3.019876690174699e-16,-6.362752525230071e-10,7.040486475521755e-11,2.3335780545639065e-06,1.786436962537225e-06,1.3874073126196748e-06,1.0306038178013545e-06,3.918831291070926e-06,-2.777234881454673e-09,1.2958392559544585e-09,-2.237091278337708e-09,1.7628149469591736e-09,1.8171861584315922e-09,-7.285089041797016e-10,5.588542155511588e-07
824,16.480000000000047,772.9894328162295,2.090354055432308e-10,3.511148839229591e-10,-2.567045169213924e-12,2.5667709238811806e-12,-9.969151710899597e-13,9.041467844017541e-13,-3.022316959459261e-16,-6.297385322579276e-10,6.968158765545526e-11,2.3335780545639065e-06,1.786436962537225e-06,1.3874073126196748e-06,1.0306080202075942e-06,3.918838349806736e-06,-2.7772862676664124e-09,1.295890636675889e-09,-2.2371114000996136e-09,1.762833211527965e-09,1.8171861523894944e-09,-7.411690420275287e-10,5.588556164156829e-07
825,16.500000000000007,772.989541312775,2.068882733227004e-10,3.475091549701598e-10,-2.560920009707579e-12,2.5606462832957122e-12,-9.743490463938407e-13,8.817586710191383e-13,-3.024740352466354e-16,-6.232701326458236e-10,6.896587092878499e-11,2.3335780545639065e-06,1.786436962537225e-06,1.3874073126196748e-06,1.0306121794443829e-06,3.9188453360471245e-06,-2.777337547318019e-09,1.2959419108479606e-09,-2.237131112741853e-09,1.7628510705825192e-09,1.8171861463425262e-09,-7.536991286765415e-10,5.588570028902687e-07
826,16.520000000000024,772.9896486823336,2.0476346104333147e-10,3.4394090752816975e-10,-2.55425811142925e-12,2.553984786412336e-12,-9.473839319386878e-13,8.549627819734218e-13,-3.0271485773879584e-16,-6.168689658619569e-10,6.825759448029561e-11,2.3335780545639065e-06,1.786436962537225e-06,1.3874073126196748e-06,1.0306162959617266e-06,3.918852250547749e-06,-2.777388699099414e-09,1.2959930571586577e-09,-2.237150330071624e-09,1.762868437797049e-09,1.8171861402906876e-09,-7.6610051966163e-10,5.588583751249228e-07
827,16.54000000000006,772.9897549884681,2.026597096554151e-10,3.4040805173451427e-10,-2.5507545831483967e-12,2.5504816445450015e-12,-9.236195325115114e-13,8.313221129367418e-13,-3.0295477024416665e-16,-6.105312279325561e-10,6.755633985557547e-11,2.3335780545639065e-06,1.786436962537225e-06,1.3874073126196748e-06,1.0306203701934337e-06,3.918859094037342e-06,-2.777439749226268e-09,1.2960441018229674e-09,-2.2371690401061627e-09,1.7628853006459981e-09,1.8171861342339785e-09,-7.783745215995966e-10,5.588597332642661e-07
828,16.560000000000002,772.9898601895234,2.005778424718157e-10,3.3691193874117657e-10,-2.547987907272371e-12,2.547715397083476e-12,-9.022361604174869e-13,8.100645138595035e-13,-3.0319339790170506e-16,-6.042594137588876e-10,6.686237989604066e-11,2.3335780545639065e-06,1.786436962537225e-06,1.3874073126196748e-06,1.030624402568955e-06,3.918865867237247e-06,-2.777490736651084e-09,1.2960950837933836e-09,-2.237187298663035e-09,1.762901714512266e-09,1.817186128172399e-09,-7.905224280164763e-10,5.588610774514636e-07
829,16.580000000000044,772.989964285498,1.9851785931769856e-10,3.3345256499839855e-10,-2.545958094121784e-12,2.545686055253731e-12,-8.785904197303896e-13,7.865517506239997e-13,-3.0343071416813627e-16,-5.980535245476359e-10,6.617571437022817e-11,2.3335780545639065e-06,1.786436962537225e-06,1.3874073126196748e-06,1.0306283935259728e-06,3.918872570882284e-06,-2.7775416761109656e-09,1.296146017807907e-09,-2.2372051069289343e-09,1.7629176806749109e-09,1.8171861221061608e-09,-8.025455573995668e-10,5.588624078324062e-07
830,16.600000000000005,772.990067339172,1.9647851442041725e-10,3.3002782689395427e-10,-2.5448092595769856e-12,2.544537615619089e-12,-8.458648751253129e-13,7.539843065373529e-13,-3.036656364763351e-16,-5.919098128587514e-10,6.549592742256139e-11,2.3335780545639065e-06,1.786436962537225e-06,1.3874073126196748e-06,1.0306323434897102e-06,3.918879205686203e-06,-2.7775925837846653e-09,1.2961969200446157e-09,-2.2372223514819133e-09,1.7629330860354825e-09,1.8171861160352639e-09,-8.144451907736072e-10,5.588637245488242e-07
831,16.620000000000037,772.9901693442739,1.9445993260699385e-10,3.26637935384724e-10,-2.544535643133656e-12,2.5442643243655932e-12,-8.124924065513914e-13,7.207932712896732e-13,-3.03898272947629e-16,-5.858286543613492e-10,6.482306072193297e-11,2.3335780545639065e-06,1.786436962537225e-06,1.3874073126196748e-06,1.0306362528741805e-06,3.918885772343826e-06,-2.777643477233717e-09,1.2962478080640155e-09,-2.2372389350546377e-09,1.7629478338112608e-09,1.8171861099597083e-09,-8.262225754458268e-10,5.588650277387056e-07
832,16.64000000000003,772.9902702841578,1.9246244457270425e-10,3.232834490758032e-10,-2.5450943952530986e-12,2.5448233677485963e-12,-7.820567811568886e-13,6.905576614604352e-13,-3.041289105481476e-16,-5.79811044030939e-10,6.415722465854311e-11,2.3335780545639065e-06,1.786436962537225e-06,1.3874073126196748e-06,1.0306401220979524e-06,3.918892271557671e-06,-2.7776943735343053e-09,1.2962986989409366e-09,-2.2372548805464315e-09,1.7629619473205884e-09,1.817186103879494e-09,-8.378789724297453e-10,5.588663175415595e-07
833,16.660000000000068,772.9903701758582,1.9048571284076621e-10,3.1996380326125244e-10,-2.545728978227483e-12,2.5454582136225416e-12,-7.662404583612476e-13,6.74957124810877e-13,-3.0435748141098377e-16,-5.738559644806912e-10,6.349830683430909e-11,2.3335780545639065e-06,1.786436962537225e-06,1.3874073126196748e-06,1.0306439515795264e-06,3.9188987040301944e-06,-2.7777452817678937e-09,1.2963496017567505e-09,-2.237270363518849e-09,1.7629756024684512e-09,1.817186097794621e-09,-8.494156425148839e-10,5.588675940968745e-07
834,16.680000000000025,772.9904690788929,1.8852855750755645e-10,3.166770231874528e-10,-2.543881255017059e-12,2.5436107443296393e-12,-7.691682482666005e-13,6.78106647699064e-13,-3.0460248977723017e-16,-5.67959858258336e-10,6.284591427707216e-11,2.3335780545639065e-06,1.786436962537225e-06,1.3874073126196748e-06,1.0306477417222298e-06,3.918905070438459e-06,-2.7777961778702763e-09,1.29640049244633e-09,-2.2372857176058864e-09,1.7629891331061763e-09,1.8171860917050895e-09,-8.608338007422496e-10,5.588688575390856e-07
835,16.70000000000004,772.9905669542605,1.865917540326208e-10,3.13424418343316e-10,-2.541179752572268e-12,2.540909470893248e-12,-7.793904741801187e-13,6.885458373775679e-13,-3.0485707051066006e-16,-5.621250584336328e-10,6.220030583324812e-11,2.3335780545639065e-06,1.786436962537225e-06,1.3874073126196748e-06,1.0306514929253453e-06,3.918911371452874e-06,-2.7778470284802133e-09,1.2964513376484822e-09,-2.2373012031930947e-09,1.763002799631027e-09,1.8171860856104757e-09,-8.721346499091771e-10,5.588701080012867e-07
836,16.72000000000002,772.9906638019577,1.846753065033493e-10,3.1020602071141845e-10,-2.5376211969918657e-12,2.537351118919362e-12,-7.96908510709259e-13,7.062384174256683e-13,-3.0511671656529904e-16,-5.563515660550696e-10,6.156148412837508e-11,2.3335780545639065e-06,1.786436962537225e-06,1.3874073126196748e-06,1.0306552055959507e-06,3.918917607757265e-06,-2.777897816489757e-09,1.2965021202543803e-09,-2.237316966182958e-09,1.7630167474735751e-09,1.8171860795107797e-09,-8.833194161540539e-10,5.588713456191863e-07
837,16.739999999999995,772.9907596791157,1.827780767865012e-10,3.070199013158907e-10,-2.5346871495117045e-12,2.5344173339874515e-12,-8.132248722547998e-13,7.227137023427023e-13,-3.0537143212215753e-16,-5.506359606289952e-10,6.092906888347224e-11,2.3335780545639065e-06,1.786436962537225e-06,1.3874073126196748e-06,1.0306588801297837e-06,3.918923780016485e-06,-2.777948539573378e-09,1.2965528379389094e-09,-2.237333067516744e-09,1.7630310369947727e-09,1.8171860734060015e-09,-8.943892914208806e-10,5.588725705247164e-07
838,16.76000000000005,772.9908545800256,1.8090017738205723e-10,3.038662409459141e-10,-2.532239290825394e-12,2.531969791533046e-12,-8.292870502340632e-13,7.389316549326324e-13,-3.0562148632620623e-16,-5.449785849921905e-10,6.030309718029798e-11,2.3335780545639065e-06,1.786436962537225e-06,1.3874073126196748e-06,1.0306625169123253e-06,3.918929888877908e-06,-2.777999208837796e-09,1.2966035018101648e-09,-2.2373494926360736e-09,1.7630456534483455e-09,1.817186067296141e-09,-9.053454368771234e-10,5.58873782846377e-07
839,16.78000000000005,772.9909484895427,1.7904190921721416e-10,3.007455420722594e-10,-2.5300224415458825e-12,2.5297532898123972e-12,-8.476768327875661e-13,7.574786350831157e-13,-3.0586760255922316e-16,-5.393803472475621e-10,5.968366917512847e-11,2.3335780545639065e-06,1.786436962537225e-06,1.3874073126196748e-06,1.0306661163331913e-06,3.918935934995738e-06,-2.7780498314552628e-09,1.2966541190409782e-09,-2.2373662622748315e-09,1.7630606175512455e-09,1.8171860611811984e-09,-9.161890261995207e-10,5.588749827140405e-07
840,16.80000000000003,772.9910414235356,1.7720295813798076e-10,2.9765728721413527e-10,-2.5282182854736887e-12,2.5279494893788176e-12,-8.645866667086533e-13,7.745321275312198e-13,-3.0610851623602827e-16,-5.33840296560817e-10,5.907068065248937e-11,2.3335780545639065e-06,1.786436962537225e-06,1.3874073126196748e-06,1.0306696787818648e-06,3.918941919024031e-06,-2.7781004138623814e-09,1.29670469606877e-09,-2.2373833849099114e-09,1.7630759376588716e-09,1.8171860550613854e-09,-9.269212326375928e-10,5.588761702575387e-07
841,16.820000000000025,772.9911334374455,1.7538222583557735e-10,2.945996668435395e-10,-2.5277972131929304e-12,2.5275287072754997e-12,-8.666300263025515e-13,7.766533312083965e-13,-3.0633980919169446e-16,-5.28355108403292e-10,5.846376726499591e-11,2.3335780545639065e-06,1.786436962537225e-06,1.3874073126196748e-06,1.0306732046337047e-06,3.918947841593572e-06,-2.778150974017521e-09,1.2967552508507366e-09,-2.237400697076872e-09,1.763091449513459e-09,1.8171860489369137e-09,-9.375431866872318e-10,5.588773456020179e-07
842,16.840000000000018,772.9912244949442,1.7358043250413027e-10,2.915738677450336e-10,-2.5281233075375062e-12,2.5278550760998756e-12,-8.784350641171183e-13,7.88504656429221e-13,-3.06564376692336e-16,-5.229269629725125e-10,5.7863167926850035e-11,2.3335780545639065e-06,1.786436962537225e-06,1.3874073126196748e-06,1.030676694260288e-06,3.918953703328918e-06,-2.7782015332227132e-09,1.2968058046885702e-09,-2.23741814772779e-09,1.7631071010933353e-09,1.8171860428077833e-09,-9.480560074009858e-10,5.588785088713698e-07
843,16.860000000000042,772.9913145960276,1.7179757840211535e-10,2.885798904959985e-10,-2.5291965771078293e-12,2.5289285858788365e-12,-8.970808726853798e-13,8.071651955868252e-13,-3.067822186674023e-16,-5.175558611722603e-10,5.726888272469297e-11,2.3335780545639065e-06,1.786436962537225e-06,1.3874073126196748e-06,1.030680148040397e-06,3.9189595048665e-06,-2.7782521064217367e-09,1.29685637252519e-09,-2.2374359028870527e-09,1.7631230577918554e-09,1.8171860366744177e-09,-9.584608356424463e-10,5.588796601918763e-07
844,16.880000000000013,772.9914037940607,1.7003259780758264e-10,2.8561589500864265e-10,-2.530711067443307e-12,2.5304432769580207e-12,-9.096274133623117e-13,8.197711005368187e-13,-3.069934495024662e-16,-5.122386155815674e-10,5.6680553862102906e-11,2.3335780545639065e-06,1.786436962537225e-06,1.3874073126196748e-06,1.0306835663421592e-06,3.918965246824355e-06,-2.7783027054980402e-09,1.2969069662438183e-09,-2.23745396997001e-09,1.7631393271548166e-09,1.8171860305366052e-09,-9.687587804099698e-10,5.588807996862422e-07
845,16.900000000000013,772.9914920837177,1.6828560295285008e-10,2.8268211105427477e-10,-2.532697354474619e-12,2.532429737324565e-12,-9.167152241449927e-13,8.269008039389218e-13,-3.071995216523978e-16,-5.069755456031967e-10,5.609822083295023e-11,2.3335780545639065e-06,1.786436962537225e-06,1.3874073126196748e-06,1.0306869495241668e-06,3.918970929804415e-06,-2.7783533395822155e-09,1.2969575949739612e-09,-2.2374722333964747e-09,1.7631557938738613e-09,1.8171860243947693e-09,-9.789509220218172e-10,5.588819274739892e-07
846,16.92000000000003,772.991579450843,1.6655687197365613e-10,2.797789881098708e-10,-2.5353203110084265e-12,2.5350528432610506e-12,-9.202630395265132e-13,8.304997486705467e-13,-3.074100571184358e-16,-5.017674973679495e-10,5.5521975453083833e-11,2.3335780545639065e-06,1.786436962537225e-06,1.3874073126196748e-06,1.030690297948916e-06,3.918976554415407e-06,-2.778404019758959e-09,1.297008269799767e-09,-2.2374906031791492e-09,1.7631723678793875e-09,1.8171860182486982e-09,-9.890383524515373e-10,5.58883043675952e-07
847,16.940000000000044,772.9916659100986,1.648461152681041e-10,2.7690604866365106e-10,-2.538370659154364e-12,2.538103328671245e-12,-9.235581336583179e-13,8.338420660554483e-13,-3.0762552599777474e-16,-4.966135945372716e-10,5.4951721629128597e-11,2.3335780545639065e-06,1.786436962537225e-06,1.3874073126196748e-06,1.0306936119787884e-06,3.918982121265775e-06,-2.778454756668699e-09,1.2970590013614865e-09,-2.2375090413908628e-09,1.7631890112975349e-09,1.817186012098392e-09,-9.990221633705964e-10,5.588841484129229e-07
848,16.96000000000004,772.991751512691,1.6315232161359608e-10,2.7406163307844644e-10,-2.541044123511315e-12,2.540776930756611e-12,-9.369348212177325e-13,8.47204128750526e-13,-3.0784093686313624e-16,-4.91510773196183e-10,5.43871242302999e-11,2.3335780545639065e-06,1.786436962537225e-06,1.3874073126196748e-06,1.0306968919631573e-06,3.918987630942593e-06,-2.7785055508166903e-09,1.2971097901640808e-09,-2.2375276463204714e-09,1.763205821759483e-09,1.8171860059436389e-09,-1.008903407047929e-09,5.588852418013815e-07
849,16.98000000000003,772.9918362250593,1.6147615070125103e-10,2.712468018948003e-10,-2.5438295125474023e-12,2.5435624315207374e-12,-9.53341272152602e-13,8.636056112158947e-13,-3.080670045883515e-16,-4.864610425426886e-10,5.382840075560553e-11,2.3335780545639065e-06,1.786436962537225e-06,1.3874073126196748e-06,1.0307001382478804e-06,3.918993084026942e-06,-2.7785563995529904e-09,1.2971606335577034e-09,-2.2375465490814756e-09,1.7632229298568827e-09,1.8171859997846505e-09,-1.0186831252053124e-09,5.588863239566313e-07
850,17.000000000000043,772.9919200472061,1.5981760332190746e-10,2.684615602705633e-10,-2.54672682739499e-12,2.546459854647075e-12,-9.727775038484984e-13,8.830408899136781e-13,-3.0829285808433294e-16,-4.814644033702375e-10,5.3275551657306646e-11,2.3335780545639065e-06,1.786436962537225e-06,1.3874073126196748e-06,1.0307033511854207e-06,3.918998481110564e-06,-2.7786073051163075e-09,1.2972115337805652e-09,-2.23756581026913e-09,1.763240396321894e-09,1.8171859936210035e-09,-1.0283623796644484e-09,5.588873949961554e-07
851,17.02000000000001,772.992003029681,1.5817567806620714e-10,2.6570423008393065e-10,-2.5480311565888145e-12,2.5477643597319957e-12,-9.93147690194122e-13,9.034088133797437e-13,-3.085179582886153e-16,-4.765178372676045e-10,5.27282433090951e-11,2.3335780545639065e-06,1.786436962537225e-06,1.3874073126196748e-06,1.0307065311182346e-06,3.919003822768468e-06,-2.7786582526962703e-09,1.2972624760227088e-09,-2.237585469520977e-09,1.7632582608189269e-09,1.8171859874529096e-09,-1.0379422020708112e-09,5.58888455034105e-07
852,17.040000000000024,772.9920851674312,1.56550475130832e-10,2.629749787585673e-10,-2.547912833227136e-12,2.5476462733222215e-12,-1.0146875297319315e-12,9.249465074857683e-13,-3.0874204858420904e-16,-4.716216466273524e-10,5.218650906215285e-11,2.3335780545639065e-06,1.786436962537225e-06,1.3874073126196748e-06,1.0307096783797665e-06,3.919009109560556e-06,-2.778709212135965e-09,1.2973134301290395e-09,-2.2376055478730795e-09,1.7632765443721355e-09,1.8171859812803688e-09,-1.0474235969097674e-09,5.588895041816287e-07
853,17.059999999999995,772.9921664470543,1.5494226013906082e-10,2.602742506153016e-10,-2.546823859117e-12,2.5465575796933402e-12,-1.0379278598204328e-12,9.481876227486806e-13,-3.089644480827637e-16,-4.667766326370729e-10,5.165043736365423e-11,2.3335780545639065e-06,1.786436962537225e-06,1.3874073126196748e-06,1.0307127933071192e-06,3.91901434205285e-06,-2.778760159502899e-09,1.2973643721675695e-09,-2.2376260740269372e-09,1.763295275713438e-09,1.817185975103381e-09,-1.0568075797023982e-09,5.58890542551093e-07
854,17.080000000000034,772.9922468822888,1.5335076111513701e-10,2.5760158970462344e-10,-2.5452476823258085e-12,2.5449817117980336e-12,-1.0617658455642258e-12,9.720283079289354e-13,-3.0918527750864825e-16,-4.6198197571581863e-10,5.1119937589499475e-11,2.3335780545639065e-06,1.786436962537225e-06,1.3874073126196748e-06,1.0307158762373318e-06,3.919019520811253e-06,-2.778811080218365e-09,1.2974152875604845e-09,-2.2376470709640364e-09,1.7633144778727447e-09,1.8171859689219463e-09,-1.066095165785945e-09,5.588915702548425e-07
855,17.10000000000003,772.992326521117,1.5177502729081956e-10,2.5495540186809223e-10,-2.54424871684817e-12,2.543983030903585e-12,-1.0809616154862161e-12,9.91225140555528e-13,-3.0940495872637416e-16,-4.5723481053050236e-10,5.0594692937423403e-11,2.3335780545639065e-06,1.786436962537225e-06,1.3874073126196748e-06,1.0307189274952158e-06,3.919024646381169e-06,-2.7788619751823353e-09,1.2974661772079114e-09,-2.2376684982385538e-09,1.7633341104072296e-09,1.8171859627360647e-09,-1.0752873336484065e-09,5.588925874011478e-07
856,17.12000000000002,772.9924053320906,1.5021568206337082e-10,2.5233673252063904e-10,-2.5430392888131937e-12,2.5427738944852938e-12,-1.099815883474335e-12,1.010081161619424e-12,-3.096232152318299e-16,-4.5253701597225073e-10,5.0074911127639706e-11,2.3335780545639065e-06,1.786436962537225e-06,1.3874073126196748e-06,1.0307219474023093e-06,3.919029719302513e-06,-2.7789128480624625e-09,1.2975170447771652e-09,-2.2376903060136118e-09,1.7633541234702512e-09,1.8171859565457362e-09,-1.084385051913429e-09,5.588935940971885e-07
857,17.140000000000022,772.9924833152116,1.4867272562633313e-10,2.497455820905183e-10,-2.54161939580436e-12,2.5413542906043615e-12,-1.117763303000524e-12,1.0280310245947047e-12,-3.098400470005545e-16,-4.478885927181071e-10,4.9560592224908276e-11,2.3335780545639065e-06,1.786436962537225e-06,1.3874073126196748e-06,1.0307249362863863e-06,3.9190347401256585e-06,-2.7789636946494166e-09,1.297567886059016e-09,-2.237712481805427e-09,1.7633745045921133e-09,1.8171859503511725e-09,-1.093389308000334e-09,5.58894590452222e-07
858,17.16000000000002,772.9925605161105,1.4714525385075593e-10,2.471804404431359e-10,-2.541948783722566e-12,2.5416839050047407e-12,-1.1113174110222251e-12,1.021576115603707e-12,-3.100563413014415e-16,-4.4328681332549187e-10,4.9051435262077904e-11,2.3335780545639065e-06,1.786436962537225e-06,1.3874073126196748e-06,1.030727894466181e-06,3.919039709385884e-06,-2.779014530331245e-09,1.297618716440972e-09,-2.23773477261267e-09,1.7633950006635153e-09,1.8171859441521618e-09,-1.1023010620607697e-09,5.588955765724969e-07
859,17.180000000000014,772.9926369302267,1.4563335727283768e-10,2.4464145889453405e-10,-2.543877367656191e-12,2.5436126610757745e-12,-1.0825478487680597e-12,9.9278728990866e-13,-3.102720094613433e-16,-4.387319510068628e-10,4.8547470376940566e-11,2.3335780545639065e-06,1.786436962537225e-06,1.3874073126196748e-06,1.0307308222522923e-06,3.919044627604877e-06,-2.779065388592854e-09,1.2976695694066328e-09,-2.23775671126533e-09,1.7634151442975703e-09,1.817185937948916e-09,-1.11112124970409e-09,5.588965525615532e-07
860,17.20000000000001,772.9927125454657,1.441372758297897e-10,2.4212903831803946e-10,-2.546847827938091e-12,2.5465832552234785e-12,-1.0469208675406378e-12,9.571340202640637e-13,-3.104868162182675e-16,-4.3422472968110585e-10,4.804877744008485e-11,2.3335780545639065e-06,1.786436962537225e-06,1.3874073126196748e-06,1.0307337199586234e-06,3.919049495309849e-06,-2.7791162958447313e-09,1.2977204713657957e-09,-2.2377780059525094e-09,1.763434643510672e-09,1.8171859317412233e-09,-1.1198508165109678e-09,5.588975185240314e-07
861,17.22000000000005,772.9927873746944,1.4265675476018832e-10,2.396427601080069e-10,-2.549973327682851e-12,2.549708861898521e-12,-1.0180155566351745e-12,9.281815994577475e-13,-3.1070930643622265e-16,-4.29764377729489e-10,4.755527199356194e-11,2.3335780545639065e-06,1.786436962537225e-06,1.3874073126196748e-06,1.0307365878989292e-06,3.919054313027833e-06,-2.779167264056299e-09,1.297771434286967e-09,-2.2377986553168385e-09,1.7634534966668691e-09,1.8171859255292955e-09,-1.1284907075850904e-09,5.588984745645257e-07
862,17.240000000000023,772.9928614628977,1.41190903510039e-10,2.371811607132589e-10,-2.5501553454218536e-12,2.5498910192850252e-12,-9.636807382657255e-13,8.737306466790743e-13,-3.109445808947395e-16,-4.2534819766251645e-10,4.7066658801523055e-11,2.3335780545639065e-06,1.786436962537225e-06,1.3874073126196748e-06,1.030739426375512e-06,3.919059081267041e-06,-2.779218265343233e-09,1.2978224302857787e-09,-2.2378184722798674e-09,1.7634715157893304e-09,1.8171859193127089e-09,-1.1370418333389997e-09,5.588994207838337e-07
863,17.26,772.9929347805979,1.3974030597251903e-10,2.3474519985756153e-10,-2.5494244402910693e-12,2.5491602500872087e-12,-8.865179299196306e-13,7.964142684448488e-13,-3.1119919254535615e-16,-4.209779582154878e-10,4.658313143627753e-11,2.3335780545639065e-06,1.786436962537225e-06,1.3874073126196748e-06,1.0307422356876069e-06,3.919063800530647e-06,-2.77926926114097e-09,1.2978734207984724e-09,-2.2378369742665973e-09,1.7634882172384817e-09,1.817185913091252e-09,-1.1455050948977705e-09,5.589003572817361e-07
864,17.280000000000005,772.9930073277934,1.38304962315209e-10,2.3233487791262346e-10,-2.5477806038914435e-12,2.547516536785022e-12,-7.849699673105192e-13,6.946753003394006e-13,-3.1145633798699254e-16,-4.1665365999134027e-10,4.610468995392412e-11,2.3335780545639065e-06,1.786436962537225e-06,1.3874073126196748e-06,1.0307450161402898e-06,3.9190684713314245e-06,-2.779320233191291e-09,1.297924387566341e-09,-2.237853689145522e-09,1.7635031281341695e-09,1.8171859068647127e-09,-1.15388141107984e-09,5.5890128415995e-07
865,17.300000000000008,772.993079148196,1.3688399918523124e-10,2.299486610681303e-10,-2.5459685211854217e-12,2.545704650021834e-12,-7.225037245820352e-13,6.320818467117525e-13,-3.1170782283775517e-16,-4.123727026352536e-10,4.563103983874861e-11,2.3335780545639065e-06,1.786436962537225e-06,1.3874073126196748e-06,1.0307477680299047e-06,3.919073094166814e-06,-2.779371170682668e-09,1.2979753197782092e-09,-2.237868763882364e-09,1.76351639570564e-09,1.8171859006330913e-09,-1.1621716747061073e-09,5.589022015172479e-07
866,17.320000000000036,772.9931502374402,1.3547750401687688e-10,2.275867029492319e-10,-2.543913783141859e-12,2.5436501724248867e-12,-7.107832592191634e-13,6.202878506402629e-13,-3.119541776234614e-16,-4.0813534656766566e-10,4.5162210575030033e-11,2.3335780545639065e-06,1.786436962537225e-06,1.3874073126196748e-06,1.0307504916449366e-06,3.919077669520454e-06,-2.7794220695057205e-09,1.2980262133264338e-09,-2.2378830967521753e-09,1.7635289194026134e-09,1.8171858943963877e-09,-1.170376755198148e-09,5.589031094497521e-07
867,17.340000000000018,772.9932205839326,1.340857085566888e-10,2.25249410637093e-10,-2.541418950410187e-12,2.5411556436724003e-12,-7.058643425624924e-13,6.153222449816765e-13,-3.121968101554686e-16,-4.039422819051373e-10,4.4698280312484596e-11,2.3335780545639065e-06,1.786436962537225e-06,1.3874073126196748e-06,1.0307531872770624e-06,3.91908219788159e-06,-2.7794729228329392e-09,1.2980770613845947e-09,-2.2378972632282933e-09,1.7635412755035697e-09,1.8171858881548137e-09,-1.1784975314828687e-09,5.589040080546609e-07
868,17.359999999999992,772.9932901995649,1.3270837832142918e-10,2.22936394397646e-10,-2.5388518730323632e-12,2.5385889073501986e-12,-7.05171412937518e-13,6.146034880901077e-13,-3.124347244128755e-16,-3.9979280048462567e-10,4.4239171090804334e-11,2.3335780545639065e-06,1.786436962537225e-06,1.3874073126196748e-06,1.0307558552179312e-06,3.91908667973964e-06,-2.7795237255410455e-09,1.298127858830105e-09,-2.2379113735859374e-09,1.7635535747609004e-09,1.817185881908581e-09,-1.1865348823067562e-09,5.58904897429175e-07
869,17.380000000000003,772.9933591258822,1.313446936680546e-10,2.2064629171225803e-10,-2.537497780958338e-12,2.5372351635008387e-12,-7.108173602620942e-13,6.202235764573648e-13,-3.126644405258223e-16,-3.956844267119143e-10,4.3784610397305416e-11,2.3335780545639065e-06,1.786436962537225e-06,1.3874073126196748e-06,1.0307584957486512e-06,3.919091115566501e-06,-2.7795744890374555e-09,1.2981786170708135e-09,-2.2379255334736214e-09,1.763565923031546e-09,1.8171858756576896e-09,-1.1944896545787257e-09,5.589057776669899e-07
870,17.40000000000004,772.9934273356595,1.299951919815733e-10,2.1837999601820213e-10,-2.5365144209272957e-12,2.5362521750791733e-12,-7.220737978669911e-13,6.314678157386204e-13,-3.128882389008139e-16,-3.9161878378414185e-10,4.333477690058272e-11,2.3335780545639065e-06,1.786436962537225e-06,1.3874073126196748e-06,1.0307611091475076e-06,3.919095505829379e-06,-2.779625229159568e-09,1.2982293519441993e-09,-2.2379398623852477e-09,1.763578439945468e-09,1.8171858694021395e-09,-1.2023626866837016e-09,5.589066488608629e-07
871,17.42000000000004,772.9934948288964,1.2865987340697058e-10,2.1613750763676977e-10,-2.5359017958114776e-12,2.53563993727272e-12,-7.379083590171549e-13,6.473038392443384e-13,-3.131061194898279e-16,-3.875958722084709e-10,4.288967064916163e-11,2.3335780545639065e-06,1.786436962537225e-06,1.3874073126196748e-06,1.0307636956981615e-06,3.9190998510044155e-06,-2.7796759533218854e-09,1.2982800708653228e-09,-2.2379544622068096e-09,1.7635912276620178e-09,1.8171858631421425e-09,-1.2101548332436275e-09,5.589075111053384e-07
872,17.439999999999994,772.9935616451047,1.2733795618468338e-10,2.1391752309647885e-10,-2.5363345281867623e-12,2.5360729697028188e-12,-7.535520330979842e-13,6.629487277695947e-13,-3.1331843122367247e-16,-3.836133326246747e-10,4.2449031525756704e-11,2.3335780545639065e-06,1.786436962537225e-06,1.3874073126196748e-06,1.0307662556764573e-06,3.9191041515547225e-06,-2.779726675685105e-09,1.2983307879943925e-09,-2.2379693768108023e-09,1.763604330187688e-09,1.8171858568779104e-09,-1.2178669252919409e-09,5.589083644923601e-07
873,17.45999999999998,772.9936277803401,1.2602951857430604e-10,2.117201729544065e-10,-2.5377452214291346e-12,2.53748389026077e-12,-7.694574466623164e-13,6.788564975757646e-13,-3.135246036300271e-16,-3.796714012937589e-10,4.2012885569905234e-11,2.3335780545639065e-06,1.786436962537225e-06,1.3874073126196748e-06,1.030768789351205e-06,3.919108407931683e-06,-2.779777416482726e-09,1.2983815235629922e-09,-2.237984606905557e-09,1.7636177482399415e-09,1.817185850609443e-09,-1.2254997726311196e-09,5.589092091115311e-07
874,17.48000000000001,772.9936932241256,1.2473476801204132e-10,2.0954580316584496e-10,-2.5399550249868753e-12,2.5396938769652792e-12,-7.868256270058299e-13,6.962318634855671e-13,-3.137246669920932e-16,-3.7577070434424623e-10,4.158130180256914e-11,2.3335780545639065e-06,1.786436962537225e-06,1.3874073126196748e-06,1.0307712969940709e-06,3.919112620591444e-06,-2.7798281934850764e-09,1.2984322953406644e-09,-2.2380001697362407e-09,1.7636314991235522e-09,1.8171858443369523e-09,-1.2330541936875117e-09,5.589100450534048e-07
875,17.500000000000025,772.993757987748,1.234534808479222e-10,2.073940400114059e-10,-2.5424542709368218e-12,2.5421932702258515e-12,-8.047112567294246e-13,7.141267725799253e-13,-3.1392014587707903e-16,-3.719105672196314e-10,4.115420576530982e-11,2.3335780545639065e-06,1.786436962537225e-06,1.3874073126196748e-06,1.0307737788765596e-06,3.919116789989876e-06,-2.7798790175782235e-09,1.2984831142121363e-09,-2.238016085105002e-09,1.7636456027099128e-09,1.8171858380604382e-09,-1.2405310064031557e-09,5.589108724084805e-07
876,17.520000000000095,772.9938221106665,1.2218487534085318e-10,2.0526357701391182e-10,-2.5434622282319847e-12,2.5432013872422536e-12,-8.198115095006615e-13,7.292288409640534e-13,-3.141154378792279e-16,-3.680886319269349e-10,4.0731337197134085e-11,2.3335780545639065e-06,1.786436962537225e-06,1.3874073126196748e-06,1.0307762352601215e-06,3.919120916566046e-06,-2.7799298767431933e-09,1.2985339681587112e-09,-2.2380323303327448e-09,1.7636600362660483e-09,1.8171858317801124e-09,-1.2479309983946475e-09,5.589116912639101e-07
877,17.540000000000017,772.9938855670197,1.2092946400460821e-10,2.0315527080862129e-10,-2.544145870842375e-12,2.543885172679499e-12,-8.344574591476793e-13,7.438754058895365e-13,-3.143152473376984e-16,-3.6430644447317083e-10,4.031286672661038e-11,2.3335780545639065e-06,1.786436962537225e-06,1.3874073126196748e-06,1.030778666403515e-06,3.919125000754525e-06,-2.779980752824258e-09,1.2985848390243102e-09,-2.2380488730223652e-09,1.7636747673085167e-09,1.8171858254957632e-09,-1.25525494915862e-09,5.589125017059493e-07
878,17.56000000000005,772.9939483568087,1.1968724696454334e-10,2.0106912166728168e-10,-2.544505196327894e-12,2.5442446240973237e-12,-8.521998472589579e-13,7.61617208940867e-13,-3.1452791212878196e-16,-3.6056400528888864e-10,3.989879439552441e-11,2.3335780545639065e-06,1.786436962537225e-06,1.3874073126196748e-06,1.0307810725706246e-06,3.919129042998449e-06,-2.7800316393348395e-09,1.298635720322278e-09,-2.238065739595362e-09,1.763689822234665e-09,1.8171858192073906e-09,-1.262503653656252e-09,5.589133038225605e-07
879,17.58,772.9940105169784,1.1845749205248016e-10,1.990039112726284e-10,-2.5437256647846305e-12,2.5434652741063076e-12,-8.632140098355962e-13,7.726125843451779e-13,-3.1474183666673666e-16,-3.5685910348338646e-10,3.9488876716284135e-11,2.3335780545639065e-06,1.786436962537225e-06,1.3874073126196748e-06,1.0307834540180148e-06,3.919133043728779e-06,-2.7800825216432905e-09,1.2986865974212598e-09,-2.2380828937339264e-09,1.7637051645325978e-09,1.8171858129147828e-09,-1.2696778847439567e-09,5.589140976992716e-07
880,17.600000000000012,772.9940720438334,1.1724027255269854e-10,1.969597616161531e-10,-2.54188865344765e-12,2.5416285114502633e-12,-8.680412432719656e-13,7.774045272086044e-13,-3.1496174749138995e-16,-3.531919604087443e-10,3.908313805970091e-11,2.3335780545639065e-06,1.786436962537225e-06,1.3874073126196748e-06,1.0307858109956609e-06,3.919137003365507e-06,-2.7801333777864702e-09,1.2987374483591154e-09,-2.2381002062864986e-09,1.7637206647037134e-09,1.8171858066177281e-09,-1.2767783953828829e-09,5.589148834194193e-07
881,17.62000000000001,772.9941329275838,1.1603578273031161e-10,1.9493699603077086e-10,-2.5392101088904674e-12,2.5389502600047664e-12,-8.683206849462443e-13,7.776366824506092e-13,-3.151984534129762e-16,-3.49563162741436e-10,3.868164303018839e-11,2.3335780545639065e-06,1.786436962537225e-06,1.3874073126196748e-06,1.0307881437562137e-06,3.919140922333084e-06,-2.7801841887739e-09,1.29878825414683e-09,-2.2381175699058402e-09,1.76373621511581e-09,1.8171858003162265e-09,-1.2838059466143846e-09,5.589156610672302e-07
882,17.640000000000057,772.99419317856,1.1484381709219139e-10,1.929352631390882e-10,-2.536178399505691e-12,2.5359188821074562e-12,-8.670597826073141e-13,7.763260536849509e-13,-3.1543398341782113e-16,-3.4597209436060885e-10,3.828432280963306e-11,2.3335780545639065e-06,1.786436962537225e-06,1.3874073126196748e-06,1.030790452552212e-06,3.919144801055676e-06,-2.780234942659027e-09,1.2988390028382512e-09,-2.238134923710611e-09,1.7637517547431715e-09,1.8171857940098545e-09,-1.2907612991854209e-09,5.589164307268886e-07
883,17.66000000000003,772.9942528328725,1.1366365738086677e-10,1.9095333464127862e-10,-2.5344998363653975e-12,2.5342406676740445e-12,-8.747662030155165e-13,7.840136946112978e-13,-3.1567010300700656e-16,-3.4241660153437526e-10,3.789093685942835e-11,2.3335780545639065e-06,1.786436962537225e-06,1.3874073126196748e-06,1.0307927376269566e-06,3.9191486399416535e-06,-2.7802856494414992e-09,1.298889704433749e-09,-2.2381523419705657e-09,1.7637673581406543e-09,1.8171857876988237e-09,-1.2976451861443609e-09,5.589171924794853e-07
884,17.68,772.994311866857,1.1249577447891991e-10,1.8899201588441253e-10,-2.533056213512596e-12,2.5327974214099537e-12,-8.845538966802555e-13,7.937916760645067e-13,-3.1590565515751214e-16,-3.3889809631909374e-10,3.750164287413436e-11,2.3335780545639065e-06,1.786436962537225e-06,1.3874073126196748e-06,1.0307949992212752e-06,3.919152439395159e-06,-2.7803363250019133e-09,1.2989403748146398e-09,-2.238169935171623e-09,1.763783136194361e-09,1.8171857813831343e-09,-1.3044583331228856e-09,5.589179464052827e-07
885,17.700000000000063,772.9943702805166,1.1134016849505437e-10,1.8705130711390083e-10,-2.5318475323685735e-12,2.5315891340416007e-12,-8.964228731760836e-13,8.056600076453275e-13,-3.1614063985451924e-16,-3.3541657909471806e-10,3.711644089026067e-11,2.3335780545639065e-06,1.786436962537225e-06,1.3874073126196748e-06,1.030797237580705e-06,3.9191561998283895e-06,-2.7803869740391847e-09,1.2989910186801945e-09,-2.2381877449393117e-09,1.7637991307111982e-09,1.8171857750625745e-09,-1.3112014798770451e-09,5.589186925861203e-07
886,17.720000000000027,772.9944281084747,1.101961541247603e-10,1.8513006176242867e-10,-2.53189089064372e-12,2.5316328048081107e-12,-9.114096085268349e-13,8.206488603672105e-13,-3.1639378759591465e-16,-3.3196998334642623e-10,3.673510268701987e-11,2.3335780545639065e-06,1.786436962537225e-06,1.3874073126196748e-06,1.0307994529439313e-06,3.919159921642078e-06,-2.7804376114234003e-09,1.299041650899583e-09,-2.23820582326409e-09,1.7638153937998783e-09,1.8171857687371442e-09,-1.3178753455014446e-09,5.589194311015561e-07
887,17.740000000000038,772.994485347276,1.0906379995272943e-10,1.8322839462558598e-10,-2.533084672629094e-12,2.532826835359334e-12,-9.294329376798489e-13,8.386776991653248e-13,-3.1665284235758355e-16,-3.2855851595408346e-10,3.635765110439453e-11,2.3335780545639065e-06,1.786436962537225e-06,1.3874073126196748e-06,1.030801645543472e-06,3.919163605226642e-06,-2.7804882611789556e-09,1.2990922954959846e-09,-2.2382242316894665e-09,1.7638319870654737e-09,1.8171857624066317e-09,-1.324480630494453e-09,5.58920162029094e-07
888,17.760000000000026,772.9945419877384,1.0794328779915623e-10,1.8134660996342114e-10,-2.5351592286888675e-12,2.5349016056176664e-12,-9.49938761021793e-13,8.591940960561219e-13,-3.1691159120191317e-16,-3.251827252552263e-10,3.5984146692276783e-11,2.3335780545639065e-06,1.786436962537225e-06,1.3874073126196748e-06,1.0308038156143495e-06,3.9191672509766875e-06,-2.7805389436181242e-09,1.2991429727803945e-09,-2.2382430254064137e-09,1.763848965783426e-09,1.817185756071037e-09,-1.3310180429065425e-09,5.58920885447072e-07
889,17.78000000000004,772.9945980393752,1.068344293660843e-10,1.7948439420758196e-10,-2.537569474616316e-12,2.53731202676977e-12,-9.712979843768974e-13,8.805650299541289e-13,-3.17171221183006e-16,-3.2184204281670745e-10,3.561452681653165e-11,2.3335780545639065e-06,1.786436962537225e-06,1.3874073126196748e-06,1.0308059633915212e-06,3.919170859286729e-06,-2.7805896709051463e-09,1.2991936949167184e-09,-2.238262237773842e-09,1.7638663633746861e-09,1.8171857497301483e-09,-1.3374882905872663e-09,5.589216014338071e-07
890,17.79999999999999,772.9946535354337,1.0573656651172066e-10,1.776406511656576e-10,-2.5384109415006033e-12,2.5381536957115655e-12,-9.86911619974711e-13,8.961777929848051e-13,-3.174485632628136e-16,-3.185344817111498e-10,3.5248572555114496e-11,2.3335780545639065e-06,1.786436962537225e-06,1.3874073126196748e-06,1.03080808910148e-06,3.919174430537183e-06,-2.7806404307093397e-09,1.299244449573943e-09,-2.2382818198698813e-09,1.7638841308029154e-09,1.8171857433839658e-09,-1.343892055832529e-09,5.589223100648009e-07
891,17.82000000000003,772.9947084541294,1.0465013069804268e-10,1.758160995434602e-10,-2.5389316937879323e-12,2.5386746449523565e-12,-1.0008992592458877e-12,9.10160967864412e-13,-3.1772378588385216e-16,-3.152613446053884e-10,3.4886427427889054e-11,2.3335780545639065e-06,1.786436962537225e-06,1.3874073126196748e-06,1.030810192968452e-06,3.91917796510469e-06,-2.780691204135517e-09,1.2992952178573498e-09,-2.2383016979787363e-09,1.763902194190524e-09,1.8171857370322774e-09,-1.3502300140957065e-09,5.589230114148007e-07
892,17.84000000000002,772.9947627954588,1.0357512201908022e-10,1.7401073954845342e-10,-2.539131729128686e-12,2.5388748681875667e-12,-1.013472971718158e-12,9.227266241111832e-13,-3.1799688902291305e-16,-3.1202263182839703e-10,3.452809146630068e-11,2.3335780545639065e-06,1.786436962537225e-06,1.3874073126196748e-06,1.0308122752209791e-06,3.919181463373081e-06,-2.7807419847699446e-09,1.2993459933524811e-09,-2.23832184170103e-09,1.7639205230664438e-09,1.8171857306750834e-09,-1.356502853860042e-09,5.589237055599897e-07
893,17.860000000000024,772.9948165921413,1.0251089205720297e-10,1.7222349115169084e-10,-2.538381821698463e-12,2.538125147188279e-12,-1.0128129504435793e-12,9.220415603357438e-13,-3.18283153341015e-16,-3.088163858413928e-10,3.4173348980270377e-11,2.3335780545639065e-06,1.786436962537225e-06,1.3874073126196748e-06,1.03081433608112e-06,3.919184925715388e-06,-2.7807927599054344e-09,1.299396763352635e-09,-2.238342104560202e-09,1.7639389707482882e-09,1.8171857243123837e-09,-1.3627112440367407e-09,5.589243925743941e-07
894,17.880000000000045,772.9948698409064,1.0145750569644299e-10,1.7045446246682413e-10,-2.5367448355086236e-12,2.536488353866878e-12,-1.0032187611236316e-12,9.124066805746776e-13,-3.1857531399192125e-16,-3.056428025784717e-10,3.382222155270883e-11,2.3335780545639065e-06,1.786436962537225e-06,1.3874073126196748e-06,1.0308163757650975e-06,3.919188352494924e-06,-2.7808435111719592e-09,1.2994475094876455e-09,-2.2383622648773533e-09,1.7639573152306973e-09,1.8171857179437547e-09,-1.3688558359209458e-09,5.589250725300994e-07
895,17.899999999999995,772.9949225330796,1.0041513496005107e-10,1.6870394008012952e-10,-2.5343875879575023e-12,2.534131301923356e-12,-9.850232135718435e-13,8.94158345786886e-13,-3.188580830341853e-16,-3.025024014339479e-10,3.34747664056692e-11,2.3335780545639065e-06,1.786436962537225e-06,1.3874073126196748e-06,1.030818394491504e-06,3.919191744078949e-06,-2.780894222496222e-09,1.2994982156842034e-09,-2.2383821472971825e-09,1.7639753808809608e-09,1.8171857115694083e-09,-1.3749372879610547e-09,5.58925745499979e-07
896,17.92,772.9949746775677,9.938360303225374e-11,1.6697162487310253e-10,-2.5318196946430098e-12,2.5315636022803263e-12,-9.676601603111998e-13,8.767337563821696e-13,-3.191314361821739e-16,-2.99394650766001e-10,3.313092448837284e-11,2.3335780545639065e-06,1.786436962537225e-06,1.3874073126196748e-06,1.0308203924788838e-06,3.919195100834599e-06,-2.780944884568907e-09,1.2995488726332454e-09,-2.2384016741308865e-09,1.7639930898019826e-09,1.817185705189556e-09,-1.3809562584830563e-09,5.58926411556888e-07
897,17.939999999999998,772.995026305476,9.836229192399879e-11,1.6525647129102064e-10,-2.5308216965955428e-12,2.530565779641085e-12,-9.428493677526938e-13,8.51864376089047e-13,-3.1940505805338124e-16,-2.963176923138378e-10,3.2790489412494513e-11,2.3335780545639065e-06,1.786436962537225e-06,1.3874073126196748e-06,1.0308223699378335e-06,3.91919842311556e-06,-2.7809955109827752e-09,1.2995994939270645e-09,-2.2384207792262507e-09,1.7640103757833073e-09,1.8171856988041982e-09,-1.3869133819138535e-09,5.58927070771027e-07
898,17.960000000000022,772.9950773964239,9.7351606762686e-11,1.635591648196723e-10,-2.5302267444750563e-12,2.5299709953672903e-12,-9.121714857850223e-13,8.211231891209938e-13,-3.196736239250381e-16,-2.932727443403383e-10,3.245359647737588e-11,2.3335780545639065e-06,1.786436962537225e-06,1.3874073126196748e-06,1.0308243270768204e-06,3.919201711271922e-06,-2.781046121467342e-09,1.2996500992948147e-09,-2.238439329434778e-09,1.7640271056589594e-09,1.8171856924133346e-09,-1.3928092862804025e-09,5.589277232118859e-07
899,17.979999999999983,772.9951279504064,9.635154762960456e-11,1.6187970563528639e-10,-2.530034841128264e-12,2.5297792523056053e-12,-8.809559202106862e-13,7.898396012698929e-13,-3.199465768928119e-16,-2.9025980712066454e-10,3.212024571011353e-11,2.3335780545639065e-06,1.786436962537225e-06,1.3874073126196748e-06,1.0308262641083642e-06,3.919204965660626e-06,-2.7810967240833962e-09,1.2997006967972913e-09,-2.2384572607089194e-09,1.7640432152868633e-09,1.817185686017177e-09,-1.398644611795001e-09,5.589283689503077e-07
900,18.000000000000018,772.995177997299,9.536152304500237e-11,1.6021711078413355e-10,-2.53074781483868e-12,2.530492385820687e-12,-8.517332206403353e-13,7.605285593846324e-13,-3.2021331795015354e-16,-2.8727709399955767e-10,3.179024047401333e-11,2.3335780545639065e-06,1.786436962537225e-06,1.3874073126196748e-06,1.030828181239071e-06,3.91920818662879e-06,-2.7811473319099736e-09,1.2997512995136726e-09,-2.238474587600277e-09,1.7640587189684699e-09,1.8171856796155138e-09,-1.4044199808062134e-09,5.589290080551695e-07
901,18.020000000000017,772.9952275341165,9.438159219103572e-11,1.5857147865719612e-10,-2.5323155301518146e-12,2.532060263445813e-12,-8.237140216670194e-13,7.324022569925257e-13,-3.204724829472092e-16,-2.8432478378845613e-10,3.146360044408737e-11,2.3335780545639065e-06,1.786436962537225e-06,1.3874073126196748e-06,1.0308300786702233e-06,3.919211374514685e-06,-2.7811979625433367e-09,1.2998019250401652e-09,-2.2384913420726983e-09,1.7640736482766337e-09,1.8171856732085566e-09,-1.4101359995840934e-09,5.589296405935787e-07
902,18.04000000000004,772.9952765529379,9.341191198030458e-11,1.5694307007152285e-10,-2.534604945606379e-12,2.53434983974847e-12,-7.966346709301824e-13,7.052011783650175e-13,-3.207225537729688e-16,-2.8140335051672185e-10,3.114037778587164e-11,2.3335780545639065e-06,1.786436962537225e-06,1.3874073126196748e-06,1.030831956605265e-06,3.919214529660172e-06,-2.781248631748039e-09,1.2998525891411973e-09,-2.2385075455597164e-09,1.7640880243109873e-09,1.8171856667965172e-09,-1.415793280927151e-09,5.58930266633361e-07
903,18.060000000000024,772.9953250620246,9.24523182715695e-11,1.553316036228565e-10,-2.5372279805310758e-12,2.5369730393381266e-12,-7.744962207871926e-13,6.829350838147592e-13,-3.2096510936993996e-16,-2.7851230234452e-10,3.0820517493368546e-11,2.3335780545639065e-06,1.786436962537225e-06,1.3874073126196748e-06,1.0308338152475675e-06,3.9192176524069085e-06,-2.781299350077264e-09,1.299903302369988e-09,-2.2385232568687114e-09,1.7641019056736092e-09,1.8171856603796074e-09,-1.4213924374557594e-09,5.589308862423138e-07
904,18.080000000000027,772.9953730902214,9.150223736565447e-11,1.5373609552800736e-10,-2.5388287219417506e-12,2.5385739623782247e-12,-7.471614118815892e-13,6.554973653838467e-13,-3.2120718503398754e-16,-2.756499201853715e-10,3.050382730495623e-11,2.3335780545639065e-06,1.786436962537225e-06,1.3874073126196748e-06,1.0308356547931238e-06,3.9192207430839e-06,-2.7813501106442107e-09,1.2999540578400053e-09,-2.238538473445032e-09,1.7641152899981012e-09,1.817185653957827e-09,-1.4269340596810593e-09,5.589314994857617e-07
905,18.10000000000003,772.9954206186256,9.056204534009516e-11,1.5215719069521358e-10,-2.5402957480884102e-12,2.5400411789218204e-12,-7.178065173606257e-13,6.260442771036292e-13,-3.2144505216190144e-16,-2.7281733103241363e-10,3.0190433251581153e-11,2.3335780545639065e-06,1.786436962537225e-06,1.3874073126196748e-06,1.030837475435951e-06,3.919223802016762e-06,-2.7814009018889966e-09,1.3000048439914183e-09,-2.2385531231242237e-09,1.7641281054145262e-09,1.817185647531388e-09,-1.432418732193238e-09,5.589321064283673e-07
906,18.12000000000002,772.9954676472346,8.963174226528848e-11,1.505948892778371e-10,-2.5416290579883576e-12,2.5413746871516394e-12,-6.864315295135784e-13,5.945758112744068e-13,-3.2167768824672494e-16,-2.700145351330912e-10,2.98803353567301e-11,2.3335780545639065e-06,1.786436962537225e-06,1.3874073126196748e-06,1.030839277373827e-06,3.919226829537562e-06,-2.7814517211371152e-09,1.300055658150079e-09,-2.238567165504721e-09,1.76414031161541e-09,1.8171856411000787e-09,-1.43784705085489e-09,5.589327071360534e-07
907,18.140000000000033,772.9955142045798,8.871076293703938e-11,1.4904822300274622e-10,-2.5411183424496354e-12,2.5408641929669725e-12,-6.715454325672697e-13,5.796297205925867e-13,-3.219085081637681e-16,-2.6723983842337463e-10,2.957334425355436e-11,2.3335780545639065e-06,1.786436962537225e-06,1.3874073126196748e-06,1.030841060798879e-06,3.919229825968685e-06,-2.7815025486111943e-09,1.3001064805388803e-09,-2.2385807452743624e-09,1.7641520536707285e-09,1.8171856346643224e-09,-1.4432195945904584e-09,5.589333016728496e-07
908,18.160000000000007,772.9955602878056,8.779916390098982e-11,1.475172887770344e-10,-2.5389344796249547e-12,2.538680568847857e-12,-6.712989225814385e-13,5.793538267390144e-13,-3.221371329645916e-16,-2.644934104214437e-10,2.926947888717155e-11,2.3335780545639065e-06,1.786436962537225e-06,1.3874073126196748e-06,1.0308428258981473e-06,3.919232791623803e-06,-2.7815533491394613e-09,1.3001572759864984e-09,-2.238594173717968e-09,1.7641636435062018e-09,1.8171856282239073e-09,-1.4485369270788998e-09,5.58933890101081e-07
909,18.180000000000017,772.9956058893506,8.689709509023878e-11,1.4600234348933924e-10,-2.5355309056671577e-12,2.53527725306474e-12,-6.813276557755488e-13,5.893761587773409e-13,-3.223625571539726e-16,-2.617757005585063e-10,2.896878949108634e-11,2.3335780545639065e-06,1.786436962537225e-06,1.3874073126196748e-06,1.0308445728607371e-06,3.919235726820126e-06,-2.7816040937932e-09,1.3002080155647176e-09,-2.2386076999837145e-09,1.764175330806057e-09,1.8171856217788336e-09,-1.453799618188702e-09,5.589344724837647e-07
910,18.200000000000077,772.9956510169212,8.600440457540668e-11,1.4450313740777157e-10,-2.5314993214810766e-12,2.5312459365769305e-12,-6.99351353448618e-13,6.074083263588759e-13,-3.225853742673658e-16,-2.590862486803503e-10,2.867122569454e-11,2.3335780545639065e-06,1.786436962537225e-06,1.3874073126196748e-06,1.0308463018757339e-06,3.919238631874935e-06,-2.781654764095657e-09,1.3002586807966141e-09,-2.238621506773856e-09,1.7641872986509084e-09,1.817185615329313e-09,-1.4590082376811062e-09,5.589350488839166e-07
911,18.22000000000003,772.9956956974448,8.512056232728988e-11,1.4301880554163811e-10,-2.528907068268082e-12,2.5286539307967876e-12,-7.126815316571348e-13,6.207240139119791e-13,-3.2280765809018795e-16,-2.564234464970432e-10,2.8376612090989653e-11,2.3335780545639065e-06,1.786436962537225e-06,1.3874073126196748e-06,1.030848013125403e-06,3.919241507094364e-06,-2.781705368159714e-09,1.3003092797952878e-09,-2.238635627102772e-09,1.764199579974311e-09,1.8171856088753455e-09,-1.4641633346328682e-09,5.589356193622945e-07
912,18.240000000000045,772.9957399132757,8.424591800587239e-11,1.4154993324627948e-10,-2.526399342009574e-12,2.526146455442774e-12,-7.287064466699281e-13,6.367143088683817e-13,-3.2302804956704597e-16,-2.537883483379106e-10,2.808506513817708e-11,2.3335780545639065e-06,1.786436962537225e-06,1.3874073126196748e-06,1.0308497067902062e-06,3.919244352781752e-06,-2.7817559212239173e-09,1.3003598277991502e-09,-2.2386500409826026e-09,1.7642121543575388e-09,1.817185602416931e-09,-1.4692654525812213e-09,5.589361839790668e-07
913,18.26000000000004,772.995783664411,8.338046913327479e-11,1.4009649966400837e-10,-2.5239761434490556e-12,2.5237235039381722e-12,-7.484781349125532e-13,6.564564757683904e-13,-3.232465486823059e-16,-2.511809544161148e-10,2.7796583164035772e-11,2.3335780545639065e-06,1.786436962537225e-06,1.3874073126196748e-06,1.0308513830540776e-06,3.919247169246081e-06,-2.7818064249789446e-09,1.3004103264987441e-09,-2.2386648128285093e-09,1.7642250860653852e-09,1.8171855959542814e-09,-1.4743151456087606e-09,5.589367427955498e-07
914,18.28000000000003,772.9958269765968,8.252370654031697e-11,1.386576768324669e-10,-2.522961129402236e-12,2.5227087265758125e-12,-7.592373056100571e-13,6.671503460829367e-13,-3.234642667419831e-16,-2.485997183631099e-10,2.751099781694635e-11,2.3335780545639065e-06,1.786436962537225e-06,1.3874073126196748e-06,1.0308530420958344e-06,3.919249956787846e-06,-2.781856894351634e-09,1.3004607908210492e-09,-2.238679889982995e-09,1.7642383221336037e-09,1.8171855894871848e-09,-1.4793129523365501e-09,5.589372958713596e-07
915,18.299999999999994,772.9958698472597,8.16756823662054e-11,1.3723355755383227e-10,-2.5232220515837344e-12,2.5229698786383002e-12,-7.624761171498467e-13,6.702802168250954e-13,-3.2368109269537695e-16,-2.460447949059418e-10,2.7228326740266816e-11,2.3335780545639065e-06,1.786436962537225e-06,1.3874073126196748e-06,1.0308546840897235e-06,3.919252715700189e-06,-2.7819073561836126e-09,1.3005112476071012e-09,-2.2386951071172984e-09,1.7642516964392328e-09,1.8171855830156414e-09,-1.4842593974692318e-09,5.589378432646052e-07
916,18.320000000000032,772.9959122695742,8.083653254242628e-11,1.358243686632332e-10,-2.524407982275261e-12,2.524156028309719e-12,-7.655152008681464e-13,6.731689549175312e-13,-3.2389673189233097e-16,-2.435165942786156e-10,2.6948615169603785e-11,2.3335780545639065e-06,1.786436962537225e-06,1.3874073126196748e-06,1.0308563092118725e-06,3.919255446279452e-06,-2.781957832483761e-09,1.3005617188661708e-09,-2.2387103870305075e-09,1.7642651309309504e-09,1.8171855765398627e-09,-1.4891550113610868e-09,5.589383850340242e-07
917,18.34000000000001,772.9959542507005,8.000611262270928e-11,1.3442984692952446e-10,-2.5259893445278354e-12,2.5257376169474746e-12,-7.822188049439212e-13,6.897119502433691e-13,-3.2411131498086e-16,-2.4101469076969527e-10,2.6671813911056817e-11,2.3335780545639065e-06,1.786436962537225e-06,1.3874073126196748e-06,1.030857917638324e-06,3.919258148821608e-06,-2.7820083364568993e-09,1.3006122178026233e-09,-2.2387258643705795e-09,1.764278759740002e-09,1.817185570059849e-09,-1.4940003242115646e-09,5.589389212383151e-07
918,18.360000000000046,772.9959958156529,7.918392168242725e-11,1.3304910454966293e-10,-2.5261158557232693e-12,2.5258644172775666e-12,-8.035871704238948e-13,7.109795711929059e-13,-3.2432529845793756e-16,-2.38537596504969e-10,2.6397753635853814e-11,2.3335780545639065e-06,1.786436962537225e-06,1.3874073126196748e-06,1.0308595095386671e-06,3.919260823611122e-06,-2.782058857508763e-09,1.3006627338229656e-09,-2.238741722430362e-09,1.7642927666552162e-09,1.8171855635753882e-09,-1.4987958470843196e-09,5.589394519339905e-07
919,18.380000000000006,772.9960369480397,7.837028764830394e-11,1.3168271991693227e-10,-2.526000072412264e-12,2.52574895046724e-12,-8.267374672537267e-13,7.340473653632881e-13,-3.245383831461925e-16,-2.360862868530843e-10,2.612654505006613e-11,2.3335780545639065e-06,1.786436962537225e-06,1.3874073126196748e-06,1.0308610850807605e-06,3.919263470929367e-06,-2.7821093786681997e-09,1.300713249956643e-09,-2.2387580256766855e-09,1.7643072169245819e-09,1.8171855570866923e-09,-1.5035420859178907e-09,5.589399771769774e-07
920,18.400000000000027,772.9960776478597,7.756521057307018e-11,1.3033069314656147e-10,-2.5256419931938328e-12,2.5253912140851268e-12,-8.51636202105599e-13,7.588818394640472e-13,-3.247505690349208e-16,-2.3366076199860885e-10,2.5858188171296344e-11,2.3335780545639065e-06,1.786436962537225e-06,1.3874073126196748e-06,1.0308626444357427e-06,3.919266091063498e-06,-2.7821598950889106e-09,1.3007637613582886e-09,-2.2387748094134597e-09,1.7643221462166302e-09,1.8171855505937612e-09,-1.5082395564064125e-09,5.589404970243096e-07
921,18.420000000000023,772.9961179397158,7.676820609982286e-11,1.2899222619026756e-10,-2.525174181714285e-12,2.5249236703384037e-12,-8.743489861785321e-13,7.815255730810996e-13,-3.2496358024404063e-16,-2.3125955572450953e-10,2.5592522322472505e-11,2.3335780545639065e-06,1.786436962537225e-06,1.3874073126196748e-06,1.0308641877699095e-06,3.919268684292691e-06,-2.782210403250627e-09,1.3008142645071328e-09,-2.238792069265336e-09,1.7643375502907556e-09,1.817185544096595e-09,-1.5128887595836428e-09,5.589410115314146e-07
922,18.44000000000006,772.9961578211495,7.597932267788478e-11,1.2766739889553778e-10,-2.524583392360333e-12,2.5243330923037555e-12,-8.952689244342564e-13,8.0237397242141e-13,-3.25173215983074e-16,-2.2888281472382644e-10,2.532956357568942e-11,2.3335780545639065e-06,1.786436962537225e-06,1.3874073126196748e-06,1.0308657152451972e-06,3.919271250888942e-06,-2.782260900826549e-09,1.3008647570747592e-09,-2.238809765444424e-09,1.7643533892862108e-09,1.8171855375951936e-09,-1.517490183288135e-09,5.589415207522736e-07
923,18.459999999999994,772.9961972856396,7.519868878481814e-11,1.263564229796662e-10,-2.5238344785107875e-12,2.523584361133563e-12,-9.15439115401611e-13,8.224762422659495e-13,-3.253801960191658e-16,-2.2653092794502187e-10,2.50693545512463e-11,2.3335780545639065e-06,1.786436962537225e-06,1.3874073126196748e-06,1.0308672270253119e-06,3.919273791127161e-06,-2.782311385005374e-09,1.3009152362492934e-09,-2.238827872524912e-09,1.7643696377883575e-09,1.817185531089557e-09,-1.522044320714808e-09,5.589420247414549e-07
924,18.48000000000006,772.9962363398633,7.442617230804293e-11,1.2505907719069784e-10,-2.522802008229588e-12,2.5225520633867057e-12,-9.35382535192853e-13,8.423544307759542e-13,-3.255847759439867e-16,-2.2420349710697256e-10,2.4811851242267597e-11,2.3335780545639065e-06,1.786436962537225e-06,1.3874073126196748e-06,1.0308687232739227e-06,3.919276305282163e-06,-2.7823618513702496e-09,1.3009656976135388e-09,-2.2388463807413577e-09,1.764386286095088e-09,1.8171855245798971e-09,-1.5265516649653431e-09,5.589425235535128e-07
925,18.50000000000004,772.9962750071614,7.366131154178865e-11,1.2377458823826608e-10,-2.5210477402207464e-12,2.5207980225599004e-12,-9.569619205532195e-13,8.638680325478214e-13,-3.2578784879983955e-16,-2.2189913024045647e-10,2.4556899853916767e-11,2.3335780545639065e-06,1.786436962537225e-06,1.3874073126196748e-06,1.0308702041487613e-06,3.919278793618817e-06,-2.782412289867741e-09,1.3010161311143982e-09,-2.2388653041858477e-09,1.7644033483197212e-09,1.8171855180662138e-09,-1.5310126912388126e-09,5.589430172410238e-07
926,18.51999999999999,772.9963132722348,7.290440915598494e-11,1.2250346322301506e-10,-2.518858866350019e-12,2.5186093880142757e-12,-9.789725965179344e-13,8.858142942461964e-13,-3.259888293200547e-16,-2.1961873982236817e-10,2.4304601212805628e-11,2.3335780545639065e-06,1.786436962537225e-06,1.3874073126196748e-06,1.0308716698059684e-06,3.919281256399332e-06,-2.7824626889337312e-09,1.3010665251885038e-09,-2.2388846635310683e-09,1.764420845142989e-09,1.817185511548507e-09,-1.5354278699394299e-09,5.589435058560345e-07
927,18.54000000000004,772.9963511350893,7.215546517677431e-11,1.212457020822645e-10,-2.5162353843814014e-12,2.51598615826868e-12,-1.0013862420983625e-12,9.0816508811063e-13,-3.2618771749118714e-16,-2.1736232601236805e-10,2.405495532114695e-11,2.3335780545639065e-06,1.786436962537225e-06,1.3874073126196748e-06,1.0308731204047118e-06,3.9192836938909846e-06,-2.7825130398763915e-09,1.3011168711439667e-09,-2.238904467119447e-09,1.7644387849368127e-09,1.8171855050267768e-09,-1.539797680597788e-09,5.589439894515998e-07
928,18.560000000000038,772.9963886176281,7.141404926755846e-11,1.2000064451922456e-10,-2.514745035523352e-12,2.5144960148236828e-12,-9.901961276229448e-13,8.968196802252736e-13,-3.2638781764356856e-16,-2.1512856381924685e-10,2.3807821888378677e-11,2.3335780545639065e-06,1.786436962537225e-06,1.3874073126196748e-06,1.0308745560998563e-06,3.91928610635445e-06,-2.782563349680779e-09,1.3011671759656975e-09,-2.2389243829430793e-09,1.764456834784496e-09,1.8171854985010232e-09,-1.544122589496104e-09,5.589444680793719e-07
929,18.58000000000002,772.9964257176663,7.068020472769774e-11,1.1876835871677546e-10,-2.5142311811968427e-12,2.513982324284419e-12,-9.488012166900202e-13,8.551838965788309e-13,-3.2658778663646424e-16,-2.1291758579694568e-10,2.356321511728269e-11,2.3335780545639065e-06,1.786436962537225e-06,1.3874073126196748e-06,1.0308759770423963e-06,3.919288494044483e-06,-2.7826136394430968e-09,1.3012174607490886e-09,-2.2389437729165877e-09,1.764474354820264e-09,1.8171854919712462e-09,-1.548403050992262e-09,5.589449417897419e-07
930,18.600000000000072,772.9964624293946,6.995404539039216e-11,1.1754901726024515e-10,-2.5142781781732016e-12,2.514029456335823e-12,-8.888041391118483e-13,7.948884090614596e-13,-3.2678590807625188e-16,-2.1072974342407735e-10,2.3321172011236145e-11,2.3335780545639065e-06,1.786436962537225e-06,1.3874073126196748e-06,1.0308773833848974e-06,3.919290857218242e-06,-2.7826639245365687e-09,1.3012677408668949e-09,-2.238962148970059e-09,1.7644908555433205e-09,1.8171854854374458e-09,-1.5526395242844834e-09,5.589454106336132e-07
931,18.62000000000003,772.9964987591345,6.923544361522395e-11,1.1634238482531809e-10,-2.5145683953842503e-12,2.514319796037788e-12,-8.641503783115917e-13,7.699103113668898e-13,-3.269827442622856e-16,-2.0856466175413785e-10,2.3081648962630844e-11,2.3335780545639065e-06,1.786436962537225e-06,1.3874073126196748e-06,1.0308787752797874e-06,3.9192931961322636e-06,-2.7827142130025024e-09,1.3013180243594185e-09,-2.23897967851532e-09,1.7645065035305248e-09,1.8171854788998338e-09,-1.5568324683362564e-09,5.58945874661823e-07
932,18.640000000000036,772.9965347289566,6.852395333894174e-11,1.1514763900770141e-10,-2.513992066270725e-12,2.5137436213740443e-12,-8.204091172094e-13,7.259292213505945e-13,-3.271972803356632e-16,-2.0642103038656852e-10,2.2844493577961205e-11,2.3335780545639065e-06,1.786436962537225e-06,1.3874073126196748e-06,1.030880152873757e-06,3.919295511032502e-06,-2.7827644986071588e-09,1.3013683049935927e-09,-2.238996524110275e-09,1.764521461925852e-09,1.8171854723579866e-09,-1.560982325257665e-09,5.589463339232483e-07
933,18.660000000000007,772.9965703243964,6.781986695143009e-11,1.1396531893265183e-10,-2.513276461260201e-12,2.5130281549453498e-12,-7.671860964129634e-13,6.724784931437175e-13,-3.2740933730425063e-16,-2.0429970831516504e-10,2.2609805750004507e-11,2.3335780545639065e-06,1.786436962537225e-06,1.3874073126196748e-06,1.03088151631196e-06,3.919297802162081e-06,-2.782814771292445e-09,1.3014185727113559e-09,-2.239012400062358e-09,1.7645354460029969e-09,1.8171854658119042e-09,-1.5650895326446763e-09,5.589467884662416e-07
934,18.680000000000003,772.9966055454537,6.712318464660436e-11,1.1279542595006907e-10,-2.5124215797793434e-12,2.5121734120765487e-12,-7.090680345358886e-13,6.141433080651355e-13,-3.27618915153931e-16,-2.022006956781431e-10,2.23775855945584e-11,2.3335780545639065e-06,1.786436962537225e-06,1.3874073126196748e-06,1.030882865742476e-06,3.9193000697695295e-06,-2.7828650282728935e-09,1.3014688247270262e-09,-2.2390271626036077e-09,1.7645483122210089e-09,1.8171854592615867e-09,-1.5691545366846087e-09,5.589472383401551e-07
935,18.69999999999999,772.9966404133108,6.643348812455595e-11,1.1163723635514483e-10,-2.5115948273190006e-12,2.5113467992763526e-12,-6.87441752340202e-13,5.923424691309376e-13,-3.278273093425508e-16,-2.0012274194656935e-10,2.2147692605429728e-11,2.3335780545639065e-06,1.786436962537225e-06,1.3874073126196748e-06,1.0308842013092038e-06,3.919302314096152e-06,-2.7829152684367734e-09,1.3015190599291396e-09,-2.239041127701454e-09,1.7645603770787808e-09,1.817185452707034e-09,-1.5731777710608529e-09,5.589476835929371e-07
936,18.720000000000027,772.9966749258525,6.575081875266118e-11,1.1049081866678884e-10,-2.510779477558655e-12,2.5105315974964126e-12,-6.843097762106956e-13,5.890799596788918e-13,-3.2803439042084263e-16,-1.980659722111486e-10,2.1920140522682876e-11,2.3335780545639065e-06,1.786436962537225e-06,1.3874073126196748e-06,1.0308855231522726e-06,3.919304535376703e-06,-2.782965492179649e-09,1.3015692787131073e-09,-2.2390548452166523e-09,1.764572191303069e-09,1.8171854461484579e-09,-1.5771596582024378e-09,5.589481242712684e-07
937,18.73999999999999,772.9967090774625,6.507528757127242e-11,1.0935636562975782e-10,-2.5099311472406695e-12,2.5096834090781568e-12,-6.904974450519216e-13,5.951717290632727e-13,-3.2823981491721656e-16,-1.9603071818218307e-10,2.169496667511925e-11,2.3335780545639065e-06,1.786436962537225e-06,1.3874073126196748e-06,1.030886831413336e-06,3.919306733848545e-06,-2.7830156992859504e-09,1.301619480863173e-09,-2.2390685932887757e-09,1.7645840338199566e-09,1.8171854395856466e-09,-1.581100625106364e-09,5.589485604223404e-07
938,18.760000000000005,772.9967428739711,6.440678056754679e-11,1.0823369295103957e-10,-2.5089593000415334e-12,2.5087117116718305e-12,-7.026556313202333e-13,6.072578239063019e-13,-3.2844392628720253e-16,-1.9401663310013257e-10,2.1472133421255923e-11,2.3335780545639065e-06,1.786436962537225e-06,1.3874073126196748e-06,1.0308881262340173e-06,3.919308909749131e-06,-2.783065888190361e-09,1.3016696648143804e-09,-2.2390825248195535e-09,1.7645960581154862e-09,1.817185433018812e-09,-1.58500109861919e-09,5.589489920933413e-07
939,18.780000000000044,772.9967763357563,6.374489930444235e-11,1.0712215652855446e-10,-2.5075476139952033e-12,2.507300240993055e-12,-7.090828933809691e-13,6.135989785086987e-13,-3.286564185365e-16,-1.9202250510479013e-10,2.1251509216086417e-11,2.3335780545639065e-06,1.786436962537225e-06,1.3874073126196748e-06,1.030889407750816e-06,3.919311063307626e-06,-2.7831160532596878e-09,1.3017198249339071e-09,-2.2390966422048183e-09,1.7646082666835104e-09,1.817185426447742e-09,-1.5888614900012468e-09,5.589494193297677e-07
940,18.800000000000036,772.9968094494645,6.308990494984266e-11,1.0602217858498461e-10,-2.5059033847416184e-12,2.5056562606390944e-12,-7.174476358640266e-13,6.218883850764143e-13,-3.2888132116877936e-16,-1.9004912856350122e-10,2.1033180284885802e-11,2.3335780545639065e-06,1.786436962537225e-06,1.3874073126196748e-06,1.0308906760988587e-06,3.919313194750977e-06,-2.78316618776976e-09,1.3017699544989234e-09,-2.2391109075101994e-09,1.7646206215571463e-09,1.817185419872437e-09,-1.5926822063379284e-09,5.589498421766627e-07
941,18.820000000000036,772.996842215097,6.244179759409098e-11,1.0493375966346206e-10,-2.5040266111957707e-12,2.5037797641113688e-12,-7.277498636108564e-13,6.321254910091145e-13,-3.2910526196268465e-16,-1.8809650360921287e-10,2.0817146676608195e-11,2.3335780545639065e-06,1.786436962537225e-06,1.3874073126196748e-06,1.030891931415884e-06,3.919315304310359e-06,-2.7832162870695196e-09,1.3018200488591709e-09,-2.239125359485125e-09,1.7646331616959071e-09,1.8171854132924733e-09,-1.5964636626596554e-09,5.589502606799324e-07
942,18.840000000000032,772.9968746522874,6.180018979883159e-11,1.0385626036913121e-10,-2.5034596251110964e-12,2.5032130070205447e-12,-7.397196877367371e-13,6.440235196538645e-13,-3.293288810397253e-16,-1.8616345786651773e-10,2.0603279813609365e-11,2.3335780545639065e-06,1.786436962537225e-06,1.3874073126196748e-06,1.030893173835758e-06,3.919317392210559e-06,-2.783266361931955e-09,1.3018701187868822e-09,-2.239140034180588e-09,1.7646459231860138e-09,1.8171854067080627e-09,-1.600206262274412e-09,5.589506748841972e-07
943,18.85999999999998,772.9969067590782,6.116511961936681e-11,1.0278973893693804e-10,-2.504048326711919e-12,2.50380190921498e-12,-7.5427339875478e-13,6.585073166924965e-13,-3.2955211443304923e-16,-1.8425010859812742e-10,2.039159209349625e-11,2.3335780545639065e-06,1.786436962537225e-06,1.3874073126196748e-06,1.0308944034888522e-06,3.919319458670552e-06,-2.7833164370116547e-09,1.3019201889360445e-09,-2.239154974111501e-09,1.7646589484943773e-09,1.8171854001192052e-09,-1.6039103979390491e-09,5.589510848329163e-07
944,18.880000000000045,772.9969385302622,6.053669000177677e-11,1.0173436651148726e-10,-2.5053838098998488e-12,2.5051375867124374e-12,-7.711117419687711e-13,6.752802554972627e-13,-3.2977583065984287e-16,-1.82356766770673e-10,2.0182117742898032e-11,2.3335780545639065e-06,1.786436962537225e-06,1.3874073126196748e-06,1.0308956205069485e-06,3.919321503911606e-06,-2.783366531332978e-09,1.3019702783310039e-09,-2.2391702279629886e-09,1.7646722863700992e-09,1.8171853935259007e-09,-1.6075764666927488e-09,5.589514905700146e-07
945,18.90000000000005,772.9969699711385,5.991479599108894e-11,1.0068996785887642e-10,-2.5069100926546264e-12,2.506664074904837e-12,-7.890956589224772e-13,6.932017195212713e-13,-3.3002201492847597e-16,-1.8048311569944087e-10,1.99748218286415e-11,2.3335780545639065e-06,1.786436962537225e-06,1.3874073126196748e-06,1.0308968250218085e-06,3.91932352815495e-06,-2.7834166542721567e-09,1.3020203963476201e-09,-2.2391858300369206e-09,1.7646859711898493e-09,1.8171853869279376e-09,-1.6112048655174505e-09,5.589518921394103e-07
946,18.92000000000002,772.9970011002335,5.929907080981453e-11,9.965593056369629e-11,-2.5066846426091956e-12,2.506438902261002e-12,-8.019387593110118e-13,7.059798746940406e-13,-3.302678755817657e-16,-1.7862804875327703e-10,1.9769582272607007e-11,2.3335780545639065e-06,1.786436962537225e-06,1.3874073126196748e-06,1.0308980171604766e-06,3.919325531613934e-06,-2.783466790219644e-09,1.3020705273773917e-09,-2.2392017403810823e-09,1.7646999630057915e-09,1.817185380325104e-09,-1.6147959771619726e-09,5.589522895834513e-07
947,18.940000000000044,772.9970319054066,5.868975487057886e-11,9.863265607209557e-11,-2.505980470418296e-12,2.505735039540788e-12,-8.131301091462197e-13,7.171073545377465e-13,-3.305132476072561e-16,-1.7679229133763323e-10,1.9566479093692266e-11,2.3335780545639065e-06,1.786436962537225e-06,1.3874073126196748e-06,1.0308991970487333e-06,3.919327514499801e-06,-2.7835169168709443e-09,1.3021206491168098e-09,-2.239217891069784e-09,1.7647141938780837e-09,1.8171853737171882e-09,-1.6183501805628861e-09,5.58952682944065e-07
948,18.960000000000033,772.9970623866569,5.808684820296586e-11,9.762014444927749e-11,-2.50479757404944e-12,2.504552483543068e-12,-8.230921016878088e-13,7.270065523144931e-13,-3.3075813099711093e-16,-1.749758435560212e-10,1.9365512301788776e-11,2.3335780545639065e-06,1.786436962537225e-06,1.3874073126196748e-06,1.030900364814764e-06,3.9193294770278055e-06,-2.783567024651198e-09,1.3021707519920406e-09,-2.239234253291835e-09,1.7647286350171522e-09,1.817185367104402e-09,-1.6218678619118207e-09,5.58953072263979e-07
949,18.979999999999993,772.9970925621138,5.7489991659087374e-11,9.661779805000013e-11,-2.503419195426603e-12,2.503174401639044e-12,-8.190134653395024e-13,7.22857988732608e-13,-3.3100262006599766e-16,-1.7317762089426228e-10,1.9166562458189648e-11,2.3335780545639065e-06,1.786436962537225e-06,1.3874073126196748e-06,1.0309015205831627e-06,3.91933141940723e-06,-2.783617106818869e-09,1.3022208292608925e-09,-2.2392506743475244e-09,1.7647431336625625e-09,1.8171853604867454e-09,-1.6253493965563166e-09,5.589534575847265e-07
950,19.00000000000004,772.9971224299676,5.6899221243298144e-11,9.562567738825127e-11,-2.5018170330674233e-12,2.5015725039372545e-12,-8.021104771973911e-13,7.058778750462374e-13,-3.3124670538231223e-16,-1.7139773181981836e-10,1.8969641566255923e-11,2.3335780545639065e-06,1.786436962537225e-06,1.3874073126196748e-06,1.0309026644752917e-06,3.919333341841984e-06,-2.783667159181145e-09,1.3022708767299483e-09,-2.2392668855870116e-09,1.7647574210212003e-09,1.8171853538642183e-09,-1.6287951500834653e-09,5.589538389467667e-07
951,19.020000000000028,772.9971519854097,5.631463248627654e-11,9.464394327932716e-11,-2.4999159912155736e-12,2.499671713279527e-12,-7.756105207742956e-13,6.792930222900834e-13,-3.3149036193156026e-16,-1.696364639870926e-10,1.8774781488271097e-11,2.3335780545639065e-06,1.786436962537225e-06,1.3874073126196748e-06,1.0309037966138288e-06,3.919335244538191e-06,-2.7837171765114086e-09,1.3023208891721206e-09,-2.2392826627970757e-09,1.7647712727301737e-09,1.8171853472368207e-09,-1.6322054920415325e-09,5.589542163909973e-07
952,19.04000000000006,772.9971812334803,5.573612496020092e-11,9.367242241866859e-11,-2.497578225874481e-12,2.497334181191132e-12,-7.471782942811479e-13,6.507751515724296e-13,-3.317421456724519e-16,-1.678935169621548e-10,1.8581948512823066e-11,2.3335780545639065e-06,1.786436962537225e-06,1.3874073126196748e-06,1.0309049171214032e-06,3.919337127701848e-06,-2.7837671514536025e-09,1.3023708592310653e-09,-2.2392978906853094e-09,1.7647845734119123e-09,1.8171853406045527e-09,-1.6355807918510303e-09,5.589545899582973e-07
953,19.06000000000001,772.9972101917747,5.5163348990967505e-11,9.271051970920131e-11,-2.4943221319731687e-12,2.4940782793623228e-12,-7.435932175086161e-13,6.471155471081974e-13,-3.320093273945995e-16,-1.6616784085230907e-10,1.839102568447882e-11,2.3335780545639065e-06,1.786436962537225e-06,1.3874073126196748e-06,1.0309060261161428e-06,3.919338991531269e-06,-2.783817070457317e-09,1.3024207733556708e-09,-2.239312798400383e-09,1.764797552318899e-09,1.8171853339669908e-09,-1.6389214054291667e-09,5.589549596880392e-07
954,19.080000000000044,772.9972388487643,5.459653377601144e-11,9.175862523116629e-11,-2.4904633202340997e-12,2.490219635943559e-12,-7.480873430547597e-13,6.515384862974018e-13,-3.3228432365126637e-16,-1.6446012384456275e-10,1.820208966275665e-11,2.3335780545639065e-06,1.786436962537225e-06,1.3874073126196748e-06,1.0309071237149704e-06,3.919340836222718e-06,-2.7838669183119582e-09,1.302470616334824e-09,-2.239327715206026e-09,1.764810538859233e-09,1.817185327324135e-09,-1.642227685076141e-09,5.589553256191926e-07
955,19.100000000000037,772.9972672044464,5.403567934096957e-11,9.08167390432147e-11,-2.4860017887824986e-12,2.485758245697344e-12,-7.596853640078609e-13,6.630686622341186e-13,-3.325739119516814e-16,-1.6277036602170252e-10,1.8015140456289068e-11,2.3335780545639065e-06,1.786436962537225e-06,1.3874073126196748e-06,1.0309082100371016e-06,3.919342661976361e-06,-2.7839166829629764e-09,1.3025203761136404e-09,-2.239342792933106e-09,1.7648236849307183e-09,1.8171853206755616e-09,-1.6454999899748025e-09,5.589556877914938e-07
956,19.12000000000006,772.9972952756538,5.348045297183637e-11,8.988430772957546e-11,-2.482875936759424e-12,2.4826325474977546e-12,-7.70473240720354e-13,6.737839119367684e-13,-3.32863760928104e-16,-1.6109756255148852e-10,1.7830067431882887e-11,2.3335780545639065e-06,1.786436962537225e-06,1.3874073126196748e-06,1.0309092851984247e-06,3.919344468986829e-06,-2.7839663717401713e-09,1.3025700600215723e-09,-2.2393580945191354e-09,1.76483705345646e-09,1.8171853140212707e-09,-1.6487386692605385e-09,5.589560462435727e-07
957,19.140000000000004,772.9973230606976,5.2930887939611415e-11,8.896138664224686e-11,-2.4808920896142586e-12,2.4806488736471672e-12,-7.808665429355317e-13,6.841006050049785e-13,-3.331536877162466e-16,-1.594418139271352e-10,1.7646881652862756e-11,2.3335780545639065e-06,1.786436962537225e-06,1.3874073126196748e-06,1.0309103493118338e-06,3.919346257443773e-06,-2.784016009420527e-09,1.3026196928357837e-09,-2.2393736079169765e-09,1.7648506323016293e-09,1.8171853073610507e-09,-1.6519440630253156e-09,5.589564010130635e-07
958,19.160000000000036,772.9973505551228,5.238707248406915e-11,8.804812256423796e-11,-2.4795363331778537e-12,2.479293295173453e-12,-7.935497536751507e-13,6.967053915035372e-13,-3.334429178172351e-16,-1.578033866653877e-10,1.7465612460174474e-11,2.3335780545639065e-06,1.786436962537225e-06,1.3874073126196748e-06,1.030911402491438e-06,3.919348027538865e-06,-2.784065613704915e-09,1.302669292257472e-09,-2.2393893520798384e-09,1.7648644403615943e-09,1.8171853006951131e-09,-1.6551165150312458e-09,5.589567521380046e-07
959,19.179999999999993,772.9973777634924,5.184891754710378e-11,8.71443893757597e-11,-2.4787268324397037e-12,2.4784839656751675e-12,-7.969718845821424e-13,7.000119608321426e-13,-3.3372939439723277e-16,-1.56182001755933e-10,1.728623135297841e-11,2.3335780545639065e-06,1.786436962537225e-06,1.3874073126196748e-06,1.0309124448513382e-06,3.9193497794639845e-06,-2.7841151963365997e-09,1.3027188700300804e-09,-2.2394052572962744e-09,1.7648784075351177e-09,1.8171852940234581e-09,-1.6582563689154523e-09,5.589570996564428e-07
960,19.20000000000002,772.9974047017479,5.131611191212964e-11,8.624974627324498e-11,-2.478177661676007e-12,2.477934950431087e-12,-7.454694727939174e-13,6.482334392852463e-13,-3.340059890487518e-16,-1.5457668416715195e-10,1.71086387325198e-11,2.3335780545639065e-06,1.786436962537225e-06,1.3874073126196748e-06,1.0309134765016327e-06,3.919351513405341e-06,-2.7841647653814523e-09,1.3027684342192416e-09,-2.239420681709916e-09,1.7648918899891189e-09,1.8171852873460856e-09,-1.6613639557746874e-09,5.589574436051436e-07
961,19.219999999999995,772.9974313594438,5.0788859568195094e-11,8.53644822105385e-11,-2.4780762013594755e-12,2.4778336377270048e-12,-6.997830862858467e-13,6.021912704906769e-13,-3.3427737766474473e-16,-1.5298807300386136e-10,1.6932899881933093e-11,2.3335780545639065e-06,1.786436962537225e-06,1.3874073126196748e-06,1.0309144975513476e-06,3.919353229547625e-06,-2.784214327920245e-09,1.302817991905123e-09,-2.239435134235413e-09,1.7649043942362166e-09,1.8171852806632074e-09,-1.6644396033463937e-09,5.589577840205298e-07
962,19.240000000000062,772.9974577365801,5.026716053757336e-11,8.448859724252785e-11,-2.4784224530147927e-12,2.478180021946976e-12,-6.575096372085108e-13,5.594823665024252e-13,-3.3456428002669424e-16,-1.5141616832287666e-10,1.6759014808829257e-11,2.3335780545639065e-06,1.786436962537225e-06,1.3874073126196748e-06,1.0309155081115486e-06,3.91935492807842e-06,-2.7842638929069627e-09,1.30286755204172e-09,-2.2394487071627225e-09,1.7649160109725865e-09,1.8171852739748235e-09,-1.6674836457596712e-09,5.589581209396767e-07
963,19.26,772.9974838491748,4.975068327210089e-11,8.362139317312499e-11,-2.4791508089618465e-12,2.4789085239679277e-12,-6.453018413734321e-13,5.46972569606238e-13,-3.348502283515796e-16,-1.498600358852251e-10,1.6586865846988607e-11,2.3335780545639065e-06,1.786436962537225e-06,1.3874073126196748e-06,1.0309165082899867e-06,3.919356609178324e-06,-2.784313468639564e-09,1.302917122927179e-09,-2.239461735277593e-09,1.7649270755219476e-09,1.8171852672807221e-09,-1.670496407801743e-09,5.589584543984833e-07
964,19.280000000000076,772.9975096956281,4.9239460921664725e-11,8.276293980874127e-11,-2.4802678259188497e-12,2.480025702150591e-12,-6.571162615059428e-13,5.58597147735815e-13,-3.3513212773811327e-16,-1.4831976912141605e-10,1.6416464760676323e-11,2.3335780545639065e-06,1.786436962537225e-06,1.3874073126196748e-06,1.0309174981914287e-06,3.919358273021653e-06,-2.7843630628260486e-09,1.3029667122694405e-09,-2.239474759458631e-09,1.764938131219121e-09,1.8171852605809033e-09,-1.6734782058518205e-09,5.589587844317894e-07
965,19.30000000000005,772.997535271692,4.8733581414135847e-11,8.191342231674765e-11,-2.4817908997432333e-12,2.4815489432006366e-12,-6.720355324899128e-13,5.73382230856884e-13,-3.354096129548251e-16,-1.4679561581799824e-10,1.6247842754903468e-11,2.3335780545639065e-06,1.786436962537225e-06,1.3874073126196748e-06,1.0309184779218522e-06,3.919359919785275e-06,-2.7844126834132796e-09,1.3030163280158939e-09,-2.2394880509766078e-09,1.7649494510129069e-09,1.8171852538755787e-09,-1.676429359701211e-09,5.589591110748646e-07
966,19.320000000000018,772.9975605817618,4.823296021462087e-11,8.107270932230217e-11,-2.483466949706328e-12,2.4832251614559383e-12,-6.889784365733606e-13,5.902306436783198e-13,-3.3568158538352373e-16,-1.4528731646099556e-10,1.608097218680316e-11,2.3335780545639065e-06,1.786436962537225e-06,1.3874073126196748e-06,1.0309194475872684e-06,3.919361549646591e-06,-2.7844623359916745e-09,1.3030659757569405e-09,-2.239501661116404e-09,1.7649610871416521e-09,1.8171852471647484e-09,-1.6793501890239962e-09,5.58959434363014e-07
967,19.340000000000042,772.9975856411859,4.773730191790071e-11,8.024034166994985e-11,-2.484411743786703e-12,2.4841701480377466e-12,-7.05021819851085e-13,6.061634787719746e-13,-3.359442066483596e-16,-1.4379396416446461e-10,1.5915756457648958e-11,2.3335780545639065e-06,1.786436962537225e-06,1.3874073126196748e-06,1.0309204072898896e-06,3.919363162777101e-06,-2.7845120147785393e-09,1.3031156497100354e-09,-2.2395156011189934e-09,1.7649730510828767e-09,1.8171852404484124e-09,-1.6822410018302542e-09,5.589597543303004e-07
968,19.360000000000003,772.9976104399095,4.724680014609402e-11,7.94166203218443e-11,-2.4853137729994154e-12,2.4850723884609005e-12,-7.2208133855672e-13,6.231329298191205e-13,-3.3619999214799485e-16,-1.423161533572942e-10,1.5752258882623914e-11,2.3335780545639065e-06,1.786436962537225e-06,1.3874073126196748e-06,1.0309213571309102e-06,3.919364759346721e-06,-2.784561712033687e-09,1.3031653421354003e-09,-2.239529872150529e-09,1.7649853440469626e-09,1.8171852337269942e-09,-1.6851021030054662e-09,5.589600710104537e-07
969,19.380000000000052,772.9976349779269,4.6761454918353656e-11,7.86015453194443e-11,-2.4861471639470227e-12,2.4859060093779602e-12,-7.401569942811448e-13,6.411389984359978e-13,-3.364489418621354e-16,-1.4085388410655203e-10,1.5590479468110385e-11,2.3335780545639065e-06,1.786436962537225e-06,1.3874073126196748e-06,1.0309222972134608e-06,3.9193663395283775e-06,-2.7846114266428456e-09,1.3032150519193788e-09,-2.2395444945338723e-09,1.764997986766245e-09,1.8171852270004939e-09,-1.6879338033801116e-09,5.589603844378372e-07
970,19.400000000000016,772.9976592698362,4.6280979941361345e-11,7.779465016373513e-11,-2.485796773840895e-12,2.485555848812608e-12,-7.581441262852519e-13,6.590554723197228e-13,-3.3669314207228443e-16,-1.3940628733941508e-10,1.5430323506454395e-11,2.3335780545639065e-06,1.786436962537225e-06,1.3874073126196748e-06,1.0309232276378095e-06,3.919367903490332e-06,-2.7846611460822097e-09,1.3032647665379605e-09,-2.2395594775450928e-09,1.7650109887109527e-09,1.817185220269123e-09,-1.6907364050945663e-09,5.58960694645867e-07
971,19.420000000000048,772.9976833141851,4.580540384033533e-11,7.699598150990247e-11,-2.4843656954339563e-12,2.484124999906948e-12,-7.761531086048921e-13,6.769948788750942e-13,-3.3693641609295245e-16,-1.3797344995571456e-10,1.52718004671497e-11,2.3335780545639065e-06,1.786436962537225e-06,1.3874073126196748e-06,1.0309241485016473e-06,3.919369451396649e-06,-2.784710847706777e-09,1.3033144633464478e-09,-2.2395748205173638e-09,1.7650243492144647e-09,1.8171852135328817e-09,-1.6935102024675219e-09,5.589610016671067e-07
972,19.440000000000065,772.9977071070989,4.53348025413814e-11,7.62056630860715e-11,-2.4821274865439256e-12,2.4818870272176118e-12,-7.944768140123016e-13,6.952558047285759e-13,-3.371745099742718e-16,-1.365556024513834e-10,1.5114935467050458e-11,2.3335780545639065e-06,1.786436962537225e-06,1.3874073126196748e-06,1.0309250599037112e-06,3.919370983413095e-06,-2.7847605126387237e-09,1.3033641234667192e-09,-2.2395905268165824e-09,1.7650380717213008e-09,1.81718520679177e-09,-1.6962554929915953e-09,5.58961305534466e-07
973,19.46000000000007,772.997730652621,4.486909611290027e-11,7.542356201271574e-11,-2.479776830090433e-12,2.4795365945864444e-12,-8.130122507009012e-13,7.137332424985021e-13,-3.374075769536771e-16,-1.3515250340472882e-10,1.4959701930396198e-11,2.3335780545639065e-06,1.786436962537225e-06,1.3874073126196748e-06,1.0309259619426977e-06,3.919372499705346e-06,-2.7848101316818137e-09,1.3034137377029373e-09,-2.2396066017072702e-09,1.7650521616117731e-09,1.8171852000459996e-09,-1.698972574050157e-09,5.5896160628084e-07
974,19.480000000000047,772.9977539648684,4.44080052404878e-11,7.464921392499312e-11,-2.4797408572772884e-12,2.4795007725506178e-12,-8.313995794161059e-13,7.320603107799251e-13,-3.3763970179601713e-16,-1.337633091625997e-10,1.4806006990183428e-11,2.3335780545639065e-06,1.786436962537225e-06,1.3874073126196748e-06,1.0309268547137112e-06,3.9193740004331056e-06,-2.7848597268584798e-09,1.3034633280766085e-09,-2.239623045825549e-09,1.765066619547306e-09,1.8171851932955706e-09,-1.7016617321758274e-09,5.589619039379293e-07
975,19.50000000000005,772.9977770345895,4.3951712997114e-11,7.388292319386343e-11,-2.4804289816450884e-12,2.4801890196714632e-12,-8.499366359148598e-13,7.505394603243279e-13,-3.3786820758038594e-16,-1.3238857269996688e-10,1.465391151476145e-11,2.3335780545639065e-06,1.786436962537225e-06,1.3874073126196748e-06,1.0309277383108935e-06,3.919375485754477e-06,-2.784909328556876e-09,1.3035129249745308e-09,-2.239639859187724e-09,1.765081445545017e-09,1.8171851865404828e-09,-1.7043232509944535e-09,5.589621985371143e-07
976,19.52000000000003,772.9977998617853,4.35002193993346e-11,7.312468985409353e-11,-2.4818412055056012e-12,2.481601339487747e-12,-8.688805357364052e-13,7.694278066741369e-13,-3.3809309429496905e-16,-1.3102829407487103e-10,1.4503415509617096e-11,2.3335780545639065e-06,1.786436962537225e-06,1.3874073126196748e-06,1.0309286128302174e-06,3.919376955830607e-06,-2.784958951258725e-09,1.3035625428781224e-09,-2.2396570473594372e-09,1.7650966452176871e-09,1.8171851797809481e-09,-1.7069574196621994e-09,5.589624901103845e-07
977,19.54000000000003,772.9978224599814,4.305325632065057e-11,7.237406498128565e-11,-2.4823513226732897e-12,2.4821116393425637e-12,-8.877976022381316e-13,7.882894370503808e-13,-3.383177150454053e-16,-1.296816648070346e-10,1.4354429671331783e-11,2.3335780545639065e-06,1.786436962537225e-06,1.3874073126196748e-06,1.0309294783649746e-06,3.919378410818155e-06,-2.7850085931839863e-09,1.3036121800079107e-09,-2.2396746141409018e-09,1.7651122223901244e-09,1.8171851730167548e-09,-1.7095645192510185e-09,5.589627786888364e-07
978,19.560000000000027,772.997844827829,4.261085056844263e-11,7.1631093467658e-11,-2.482033238199284e-12,2.4817938127164316e-12,-9.066992302178362e-13,8.071359696797848e-13,-3.3854597505641675e-16,-1.2834876573260756e-10,1.4206962928502954e-11,2.3335780545639065e-06,1.786436962537225e-06,1.3874073126196748e-06,1.0309303350060436e-06,3.91937985086974e-06,-2.7850582370294715e-09,1.3036618190624314e-09,-2.2396925591092365e-09,1.7651281766441918e-09,1.8171851662481145e-09,-1.7121448235564145e-09,5.589630643027623e-07
979,19.58000000000006,772.9978669617375,4.2173073249306845e-11,7.08958943767643e-11,-2.4812890489712544e-12,2.4810499264315667e-12,-9.256156558111164e-13,8.259982335539709e-13,-3.3877182118645917e-16,-1.27029811273671e-10,1.4061038964217814e-11,2.3335780545639065e-06,1.786436962537225e-06,1.3874073126196748e-06,1.0309311828452817e-06,3.9193812761396185e-06,-2.7851078702523165e-09,1.303711447499823e-09,-2.2397108822580886e-09,1.7651445079862242e-09,1.8171851594750273e-09,-1.7146986093264813e-09,5.589633469827813e-07
980,19.600000000000037,772.9978888654655,4.1739849959961324e-11,7.016834374126562e-11,-2.48041014651166e-12,2.4801713389228144e-12,-9.451633988727551e-13,8.454913118049726e-13,-3.3899607120516233e-16,-1.2572457683693114e-10,1.3916633026432022e-11,2.3335780545639065e-06,1.786436962537225e-06,1.3874073126196748e-06,1.0309320219745137e-06,3.919382686782e-06,-2.785157487244316e-09,1.3037610597124764e-09,-2.2397295900486255e-09,1.7651612228816778e-09,1.8171851526972814e-09,-1.7172261532075846e-09,5.589636267595012e-07
981,19.62000000000004,772.9979105521263,4.131092070740527e-11,6.944800835964299e-11,-2.4804146154979115e-12,2.4801760122910167e-12,-9.64310650458514e-13,8.64578375782518e-13,-3.3922023307986757e-16,-1.2443227759129628e-10,1.3773658622364216e-11,2.3335780545639065e-06,1.786436962537225e-06,1.3874073126196748e-06,1.0309328524822204e-06,3.919384082945521e-06,-2.785207095491971e-09,1.3038106631859886e-09,-2.2397486847892237e-09,1.7651783235785538e-09,1.8171851459150886e-09,-1.7197277217518672e-09,5.589639036624178e-07
982,19.640000000000075,772.9979320131312,4.088645597917084e-11,6.873517284264272e-11,-2.480635267802854e-12,2.4803968366326955e-12,-9.830091105521584e-13,8.832136180425171e-13,-3.3944302051313203e-16,-1.231534279506712e-10,1.3632172495558044e-11,2.3335780545639065e-06,1.786436962537225e-06,1.3874073126196748e-06,1.0309336744559872e-06,3.919385464777333e-06,-2.7852567059906163e-09,1.303860268914478e-09,-2.2397681579868956e-09,1.765195801498492e-09,1.8171851391284489e-09,-1.7222035788072913e-09,5.589641777207289e-07
983,19.66000000000008,772.9979532484734,4.0466456409661644e-11,6.802984235278221e-11,-2.4810721040572333e-12,2.4808338083100412e-12,-1.0012583670297767e-12,9.013904658010951e-13,-3.396644334982708e-16,-1.2188802796528783e-10,1.3492175064253137e-11,2.3335780545639065e-06,1.786436962537225e-06,1.3874073126196748e-06,1.030934487985111e-06,3.919386832427485e-06,-2.7853063230643546e-09,1.3039098812209273e-09,-2.2397880006616096e-09,1.7652136475393305e-09,1.8171851323373622e-09,-1.7246539933664512e-09,5.589644489642046e-07
984,19.680000000000017,772.9979742704635,4.005068022727044e-11,6.733166263138006e-11,-2.481086632920484e-12,2.4808485262043372e-12,-1.0040656684680872e-12,9.040379669756136e-13,-3.398854414698021e-16,-1.2063532552385802e-10,1.3353588358857316e-11,2.3335780545639065e-06,1.786436962537225e-06,1.3874073126196748e-06,1.0309352931564772e-06,3.919388186042535e-06,-2.7853559446519315e-09,1.3039594980442722e-09,-2.239808053901938e-09,1.7652317018236583e-09,1.8171851255418286e-09,-1.7270792269013354e-09,5.589647174218388e-07
985,19.70000000000003,772.9979950778777,3.9639151533692136e-11,6.664066852376093e-11,-2.4807426494038755e-12,2.4805047803749705e-12,-9.929290209877586e-13,8.926626371385077e-13,-3.401069422086143e-16,-1.1939539582557586e-10,1.3216420127943265e-11,2.3335780545639065e-06,1.786436962537225e-06,1.3874073126196748e-06,1.0309360900547948e-06,3.919389525765847e-06,-2.7854055629445503e-09,1.304009111577338e-09,-2.239828023848858e-09,1.7652496688296993e-09,1.8171851187418481e-09,-1.7294795341148313e-09,5.589649831219237e-07
986,19.720000000000027,772.9980156674449,3.923193425974281e-11,6.595695245460747e-11,-2.4802094324981076e-12,2.4799718238592543e-12,-9.8256944614503e-13,8.82008077379438e-13,-3.403285417010008e-16,-1.1816843833341692e-10,1.3080690925012788e-11,2.3335780545639065e-06,1.786436962537225e-06,1.3874073126196748e-06,1.0309368787656527e-06,3.919390851742057e-06,-2.785455172465296e-09,1.3040587163433803e-09,-2.2398477788334275e-09,1.7652674155368446e-09,1.8171851119374207e-09,-1.7318551724564208e-09,5.589652460930343e-07
987,19.740000000000045,772.9980360427376,3.882895496282008e-11,6.528036413584933e-11,-2.479437419700076e-12,2.4792000760665773e-12,-9.770359907647092e-13,8.76163991716566e-13,-3.4054950317201865e-16,-1.169542441122877e-10,1.294637490580336e-11,2.3335780545639065e-06,1.786436962537225e-06,1.3874073126196748e-06,1.030937659374545e-06,3.919392164115223e-06,-2.785504768933687e-09,1.3041083080623795e-09,-2.2398673748877227e-09,1.7652849972575355e-09,1.8171851051285464e-09,-1.7342063992808798e-09,5.589655063636926e-07
988,19.760000000000026,772.9980562162157,3.842995701132476e-11,6.461037840040424e-11,-2.4782534480545466e-12,2.4780163205965447e-12,-9.679398185670918e-13,8.668835943686593e-13,-3.4077024517018034e-16,-1.15752083052516e-10,1.2813381762688399e-11,2.3335780545639065e-06,1.786436962537225e-06,1.3874073126196748e-06,1.0309384319636646e-06,3.919393463022648e-06,-2.7855543458423937e-09,1.3041578802263462e-09,-2.2398868246458753e-09,1.7653024277333963e-09,1.8171850983154369e-09,-1.7365334625525258e-09,5.589657639612593e-07
989,19.77999999999998,772.998076179714,3.803510860639229e-11,6.394733945115107e-11,-2.4767709968411676e-12,2.476534075977393e-12,-9.578715117861642e-13,8.566643765235542e-13,-3.4099049339707503e-16,-1.1456243369540016e-10,1.2681770684476327e-11,2.3335780545639065e-06,1.786436962537225e-06,1.3874073126196748e-06,1.0309391966143208e-06,3.9193947485998265e-06,-2.7856038960869266e-09,1.3042074257303118e-09,-2.2399060827592238e-09,1.7653196632131051e-09,1.8171850914978804e-09,-1.7388366077199996e-09,5.589660189127838e-07
990,19.800000000000047,772.998095933227,3.7644409760436925e-11,6.329124731497973e-11,-2.4749900654748595e-12,2.47475334162401e-12,-9.44875123876735e-13,8.435503916693667e-13,-3.41210247848047e-16,-1.1338529608441499e-10,1.2551541675304345e-11,2.3335780545639065e-06,1.786436962537225e-06,1.3874073126196748e-06,1.0309399534095046e-06,3.9193960209856944e-06,-2.7856534136973975e-09,1.304256938604488e-09,-2.2399251102255007e-09,1.7653366653607872e-09,1.817185084675877e-09,-1.7411160850178054e-09,5.589662712459074e-07
991,19.820000000000057,772.9981154887427,3.725762822455107e-11,6.264172734254035e-11,-2.474857235039977e-12,2.47462064704256e-12,-9.436568263923243e-13,8.422246619714338e-13,-3.414296948310923e-16,-1.1221996348173509e-10,1.2422618096756664e-11,2.3335780545639065e-06,1.786436962537225e-06,1.3874073126196748e-06,1.0309407024298845e-06,3.919397280315441e-06,-2.7857029121704296e-09,1.3043064323443747e-09,-2.2399439955450377e-09,1.7653535231113235e-09,1.8171850778494268e-09,-1.743372137613468e-09,5.589665209875052e-07
992,19.840000000000018,772.9981348450608,3.68747872169145e-11,6.199881698729813e-11,-2.476178012979193e-12,2.4759415131521686e-12,-9.533384071063417e-13,8.518112882334123e-13,-3.4164881572631213e-16,-1.1106650654698407e-10,1.2295007610287328e-11,2.3335780545639065e-06,1.786436962537225e-06,1.3874073126196748e-06,1.030941443754039e-06,3.919398526720884e-06,-2.785752422523099e-09,1.3043559379659765e-09,-2.239962965497354e-09,1.7653704634708255e-09,1.8171850710187413e-09,-1.745605002313751e-09,5.589667681637622e-07
993,19.860000000000042,772.9981539990043,3.649594832716599e-11,6.136261561165215e-11,-2.478436316082383e-12,2.478199868610655e-12,-9.65570214446268e-13,8.639667563708168e-13,-3.4186757783654016e-16,-1.0992511270527854e-10,1.2168730539585225e-11,2.3335780545639065e-06,1.786436962537225e-06,1.3874073126196748e-06,1.0309421774613945e-06,3.91939976033521e-06,-2.785801968666298e-09,1.3044054793797942e-09,-2.2399821545836582e-09,1.7653876212512715e-09,1.817185064183609e-09,-1.7478149185062762e-09,5.589670128011437e-07
994,19.880000000000035,772.9981729538123,3.612104823873454e-11,6.073302151157264e-11,-2.4812725205216533e-12,2.481036103511196e-12,-9.780928790339928e-13,8.764246980479871e-13,-3.42086055954384e-16,-1.087955890798052e-10,1.2043766013550264e-11,2.3335780545639065e-06,1.786436962537225e-06,1.3874073126196748e-06,1.0309429036313602e-06,3.919400981291581e-06,-2.7858515657547176e-09,1.3044550717395154e-09,-2.2400015912144943e-09,1.7654050251658157e-09,1.8171850573440297e-09,-1.7500021255241263e-09,5.589672549261093e-07
995,19.900000000000027,772.9981917207982,3.5749865703413144e-11,6.010967927196066e-11,-2.4834301457582583e-12,2.4831937995679712e-12,-9.830124799130018e-13,8.812667389168674e-13,-3.423042724186099e-16,-1.0767726168538606e-10,1.1920041101470988e-11,2.3335780545639065e-06,1.786436962537225e-06,1.3874073126196748e-06,1.0309436223404996e-06,3.919402189718589e-06,-2.785901212781235e-09,1.304504714038546e-09,-2.240021202268049e-09,1.7654226020801852e-09,1.8171850505002152e-09,-1.7521668540317773e-09,5.589674945641804e-07
996,19.92000000000002,772.9982102925484,3.538254573149138e-11,5.949282184640376e-11,-2.4857326114665203e-12,2.4854963381397597e-12,-9.855021975287386e-13,8.836820846678556e-13,-3.425221691665948e-16,-1.0657057227306541e-10,1.1797603603526998e-11,2.3335780545639065e-06,1.786436962537225e-06,1.3874073126196748e-06,1.030944333664614e-06,3.9194033857436e-06,-2.785950904408696e-09,1.304554400939923e-09,-2.2400408874147517e-09,1.765440251568421e-09,1.8171850436519538e-09,-1.754309332371361e-09,5.589677317406274e-07
997,19.9400000000001,772.9982286690617,3.501908833370686e-11,5.888244925792048e-11,-2.488179917940648e-12,2.4879437198019313e-12,-9.855620283945667e-13,8.83670731817676e-13,-3.4273974619432015e-16,-1.0547552088045565e-10,1.1676453523290141e-11,2.3335780545639065e-06,1.786436962537225e-06,1.3874073126196748e-06,1.0309450376809547e-06,3.919404569496311e-06,-2.7860006435339526e-09,1.3046041353405026e-09,-2.2400605980569345e-09,1.765457925096586e-09,1.8171850367992455e-09,-1.7564297933029049e-09,5.589679664811987e-07
998,19.960000000000026,772.9982468612087,3.465927834019088e-11,5.827820182438903e-11,-2.4902547767047548e-12,2.4900186879594015e-12,-9.87533747198812e-13,8.855718679163367e-13,-3.429570433153083e-16,-1.0439145846294299e-10,1.1556519223434228e-11,2.3335780545639065e-06,1.786436962537225e-06,1.3874073126196748e-06,1.0309457344646215e-06,3.919405741102822e-06,-2.786050427881028e-09,1.3046539149645801e-09,-2.240080329014779e-09,1.7654756175225832e-09,1.817185029942302e-09,-1.758528463096331e-09,5.589681988109262e-07
999,19.98000000000005,772.9982648679004,3.430313726107438e-11,5.768011550803101e-11,-2.492008872745482e-12,2.4917729244101302e-12,-9.90983539076408e-13,8.88951936599185e-13,-3.4317405654736035e-16,-1.033184499096501e-10,1.1437807865413765e-11,2.3335780545639065e-06,1.786436962537225e-06,1.3874073126196748e-06,1.0309464240887775e-06,3.919406900685995e-06,-2.7861002505173806e-09,1.304703732880704e-09,-2.2401001141876027e-09,1.7654933627606284e-09,1.8171850230809117e-09,-1.7606055621800596e-09,5.589684287541971e-07
1000,19.999999999999993,772.9982826862622,3.395072215593541e-11,5.708828569839632e-11,-2.4935793512351737e-12,2.4933435644705365e-12,-9.947602943720332e-13,8.926605141264427e-13,-3.4339077533007696e-16,-1.022566673428792e-10,1.1320338446333197e-11,2.3335780545639065e-06,1.786436962537225e-06,1.3874073126196748e-06,1.0309471066273716e-06,3.919408048370007e-06,-2.7861501063997764e-09,1.3047535840455926e-09,-2.2401199716258892e-09,1.7655111788851356e-09,1.8171850162152861e-09,-1.762661313352579e-09,5.589686563356602e-07
